GeneID,S9,S11,S1,S3,S5,S7,S13,S15,S17,S10,S12,S2,S4,S6,S8,S14,S16,S18
ISG15,387.683287678075,367.973761060298,897.110452885774,1265.17614468736,796.343487029806,778.415363571139,468.556990510633,459.489622093664,516.953427048798,744.048681381526,2084.46149381429,1231.64728076979,1063.25726234227,3590.71882872506,1060.65214188761,498.079377248311,1220.59294576793,445.657392724855
TNFRSF18,60.6808624191769,44.0767118511428,121.270631253289,0,105.177441683182,20.0450308215744,38.0726114574207,63.3598225337131,112.493617191709,94.8359739314349,34.235035380278,7.1422844890001,0,16.188993817516,57.7396432270179,11.4133679479448,6.72600521159824,15.9877091560486
AJAP1,25.283692674657,16.0278952185974,4.38327582843212,0,45.0760464356494,13.3633538810496,32.7952197702535,6.02180131518761,5.68933236371863,3.18241523259849,1.29188812755766,1.58717433088891,3.38616962529385,0,0,7.76109020460246,0.708000548589289,0.666154548168692
TNFRSF8,5.05673853493141,16.6957241860389,11.6887355424857,5.34958200713471,30.0506976237662,3.3408384702624,58.4282651079228,21.2072133273999,26.6364197028645,45.8267793494182,28.4215388062685,47.6152299266673,50.7925443794078,123.036353013122,20.0833541659193,40.1750551767657,46.0200356583038,136.561682374582
TNFRSF1B,428.137195957526,710.570021357817,533.298559125908,880.006240173659,330.557673861429,283.971269972304,840.236147906838,1631.90815641584,2485.72103091198,1244.32435594601,469.60133436721,922.148286246457,4156.5232150482,1363.11327943485,2122.55949341059,916.721713578925,813.846630603388,6916.68267363553
FGR,367.456333538349,496.196922809077,189.941952565392,409.243023545805,435.735115544611,324.061331615453,1200.98356537963,275.693773256198,466.008041791863,860.525078894631,324.263920016973,951.511011367902,3067.86968051623,1343.68648685383,429.281695296524,1214.83888437924,684.636530485842,2024.44367188465
PTAFR,298.347573560953,552.294556074168,431.022123129158,534.958200713471,480.81116198026,501.12577053936,1065.27920770961,139.810517491747,503.764520205632,623.753385589303,216.391261365908,1972.06410612947,1737.10501777575,2612.90360214709,466.937984357623,1716.11400465298,726.762563126905,1644.06942488033
PTPRU,1.6855795116438,10.6852634790649,8.76655165686424,5.34958200713471,7.51267440594156,10.0225154107872,12.0626095706679,9.16361069702463,6.20654439678396,2.54593218607879,0.645944063778831,1.58717433088891,0,3.23779876350321,3.76562890610986,0.913069435835583,0.354000274294644,1.33230909633738
CSF3R,320.260107212323,343.931918232402,211.858331707552,794.412928059504,255.430929802013,1593.57995031516,971.417026987852,134.312351073532,346.790668170304,1008.82562873372,189.907554750976,1169.74748186513,3800.97540439235,1168.84535362466,645.177752580156,1249.07898822308,443.916343965484,1747.98953439465
PLPP3,55.6241238842455,57.4332911999739,80.3600568545889,109.666431146261,172.791511336656,180.405277394169,47.496525184505,43.199879000259,78.0990169928649,7.63779655823637,9.68916095668246,65.8677347318898,33.8616962529385,80.9449690875802,3.76562890610986,35.6097079975877,20.1780156347947,76.6077730393996
TACSTD2,58.9952829075331,41.4053959813766,29.2218388562141,128.389968171233,225.380232178247,704.916917225366,34.6800025156703,3.40362683032343,13.7061188762313,31.8241523259849,1.29188812755766,44.4408812648895,94.8127495082278,12.9511950540128,15.0625156244394,11.8699026658626,16.6380128918483,1.33230909633738
IL23R,32.0260107212323,21.3705269581298,92.0487923970745,26.7479100356735,22.5380232178247,16.704192351312,61.4439175005898,19.3744911879949,16.0335730250252,7.00131351171667,18.7323778495861,7.93587165444455,5.07925443794078,3.23779876350321,2.51041927073991,7.76109020460246,0,4.66308183718084
IL12RB2,74.1654985123273,272.474218716155,168.025573423231,88.2681031177227,180.304185742597,56.7942539944608,88.5847890345927,114.152407540078,142.491915109498,56.6469911402531,187.323778495861,44.4408812648895,13.5446785011754,42.0913839255417,38.9114986964686,53.4145619963816,121.068093808768,101.255491321641
PTGER3,11.7990565815066,12.6887503813896,2.92218388562141,8.02437301070206,7.51267440594156,0,19.6017405523354,19.1126737395085,9.82702862824127,0.636483046519697,5.81349657400948,3.96793582722228,5.07925443794078,0,1.25520963536995,0,0,0
MCOLN2,111.248247768491,162.282439088298,103.73752793956,208.633698278254,75.1267440594156,103.565992578134,63.3287002460067,187.984928013248,265.84698499558,59.8294063728515,102.705106140834,40.4729454376672,155.763802763517,45.3291826890449,45.1875468733183,17.8048539987939,121.068093808768,55.2908274980014
GBP5,249.465767723283,367.973761060298,986.237061397227,184.560579246147,428.222441138669,350.788039377552,170.007403636601,482.529557560468,348.600910286033,267.322879538273,1340.33393234107,925.322634908235,641.679143993185,430.627235545926,483.255709617432,365.684309052151,1138.46488213158,832.027030662696
ABCA4,3.37115902328761,7.34611864185713,0,0,37.5633720297078,0,18.8478274541686,6.02180131518761,6.20654439678396,0,0.645944063778831,3.96793582722228,0,3.23779876350321,0,0.456534717917792,0,0
VCAM1,15.1702156047942,140.244083162727,255.691089991874,0,75.1267440594156,143.656054221283,28.6486977303364,5.75998386670119,39.8253265460304,0,1.29188812755766,9.52304598533346,0,0,0,1.36960415375337,6.3720049373036,0
COL11A1,18.5413746280818,10.0174345116234,0,5.34958200713471,75.1267440594156,0,30.9104370248366,28.0144669880467,14.4819369258292,1.90944913955909,2.58377625511532,0,16.9308481264693,0,0,0.456534717917792,0,0
GNAT2,50.5673853493141,41.4053959813766,90.5877004542638,26.7479100356735,0,10.0225154107872,48.2504382826718,44.7707836911775,57.927747703317,112.021016187467,97.5375536306034,357.907811615449,67.723392505877,249.310504789747,20.0833541659193,72.5890201489289,149.034115478045,111.91396409234
CSF1,20.2269541397256,18.6992110883636,49.677126055564,10.6991640142694,52.5887208415909,30.0675462323616,37.6956549083373,40.5817045153948,61.5482319347743,9.54724569779546,5.16755251023065,31.7434866177782,1.69308481264693,74.4693715605738,12.5520963536995,5.93495133293129,13.8060106974911,19.9846364450608
S100A10,1805.25565697051,1779.09636926431,1390.95952955579,2915.52219388842,1585.17429965367,1246.13274940787,2300.56581905583,1502.83215431204,2674.24481696429,2521.10934726452,2584.4221991791,3490.98994079016,11575.620864067,6028.78129764297,1675.70486321889,3720.30141631208,2149.48966551708,2989.03545763292
IL6R,242.723449676708,326.568365078922,153.414653995124,363.77157648516,405.684417920844,96.8843156376095,495.320905495552,351.359015868773,331.274307178344,314.42262498073,337.828745356328,423.775546347339,1169.92160553903,809.449690875802,244.765878897141,424.120752945628,390.108302272698,620.189884345052
NTRK1,8.42789755821901,8.01394760929869,7.30545971405353,32.0974920428082,15.0253488118831,0,11.6856530215846,14.1381422182666,18.1024211572866,10.1837287443152,4.52160844645182,7.1422844890001,3.38616962529385,9.71339629050962,0,0.456534717917792,0.708000548589289,5.32923638534953
CD1D,84.2789755821901,41.4053959813766,102.276435996749,56.1706110749144,202.842208960422,46.7717385836736,318.151327426367,9.42542814551105,46.290476959347,134.297922815656,75.5754554621232,488.05610674834,557.024903360838,323.779876350321,60.2500624977578,497.622842530393,192.576149216287,466.308183718084
SPTA1,8.42789755821901,50.0871725581168,18.9941952565392,21.3983280285388,0,133.633538810496,17.3400012578352,9.68724559399746,10.3442406613066,0.636483046519697,1.29188812755766,19.8396791361114,3.38616962529385,0,1.25520963536995,0,0,0
FCER1G,1213.61724838354,999.739964260012,958.476314483823,1160.85929554823,833.906859059513,3431.04110895948,2831.6975967143,378.849847959847,689.702246092618,2645.86002438238,1891.32421874442,7205.77146223566,6685.99192514271,7838.71080644126,2025.90835148711,3724.86676349126,2713.41210246845,2871.79225715523
XCL1,10.1134770698628,5.34263173953246,16.0720113709178,18.7235370249715,52.5887208415909,110.247669518659,2.26173929450024,13.8763247697801,44.4802348436184,2.54593218607879,6.45944063778831,3.96793582722228,0,6.47559752700641,0,0.913069435835583,2.47800192006251,0
SELL,1508.5936629212,1819.83393627824,582.975685181472,577.754856770548,375.633720297078,1022.29657190029,3480.0628611377,677.58355668285,1019.42491717177,2089.57384172417,4185.07158922304,1976.03204195669,883.790272201695,955.150635233446,2637.19544391227,6193.34998327276,1866.99744662995,3994.26267081948
FASLG,6.74231804657521,23.3740138604545,99.354252111128,29.4227010392409,60.1013952475325,63.4759309349856,6.40826133441734,73.0470681277106,132.92349249779,2.54593218607879,20.6702100409226,14.2845689780002,130.367530573813,3.23779876350321,5.02083854147981,1.36960415375337,15.5760120689644,4.66308183718084
TNR,18.5413746280818,25.3775007627792,17.5331033137285,26.7479100356735,22.5380232178247,13.3633538810496,65.9673960895903,28.0144669880467,9.05121057864328,28.6417370933864,10.3351050204613,5.55511015811119,6.7723392505877,3.23779876350321,8.78646744758967,8.67415964043804,1.41600109717858,1.33230909633738
CR1,35.3971697445199,46.748027720909,36.5272985702677,21.3983280285388,7.51267440594156,23.3858692918368,92.3543545254264,13.3526898728073,18.1024211572866,24.1863557677485,27.1296506787109,73.0100192208899,250.576552271745,97.1339629050962,20.0833541659193,129.199325170735,78.9420611677057,87.2662458100986
HLX,6.74231804657521,11.3530924465065,13.1498274852964,13.3739550178368,0,50.112577053936,44.8578293409214,11.258150284916,22.2401174218092,37.5524997446621,5.81349657400948,67.4549090627787,396.181846159381,58.2803777430577,33.8906601549888,31.9574302542454,48.4980375783663,71.9446912022187
TLR5,33.7115902328761,24.7096717953376,26.2996549705927,2.67479100356735,7.51267440594156,10.0225154107872,107.055659939678,18.0654039455628,19.3954512399499,75.1049994893243,43.9241963369605,72.2164320554454,0,61.5181765065609,46.4427565086883,228.267358958896,82.8360641849468,47.2969729199771
EXO1,11.7990565815066,64.1115808743895,21.9163791421606,16.0487460214041,7.51267440594156,150.337731161808,35.8108721629204,12.3054200788616,28.1880558020605,8.27427960475606,1.93783219133649,20.6332663015558,10.1585088758815,12.9511950540128,2.51041927073991,6.39148605084908,15.2220117946697,3.33077274084346
GCSAML,6.74231804657521,6.67828967441558,4.38327582843212,13.3739550178368,22.5380232178247,6.6816769405248,12.8165226688347,7.59270600610612,1.81024211572866,3.81889827911818,1.93783219133649,14.2845689780002,1.69308481264693,6.47559752700641,1.25520963536995,1.82613887167117,0.354000274294644,0.666154548168692
CYP1B1,58.9952829075331,457.462842697467,118.348447367667,783.713764045234,863.95755668328,96.8843156376095,669.097874622987,193.483094431463,228.607718614876,574.107707960767,103.351050204613,889.611212463234,2788.51068642949,1495.86302873848,164.432462233464,1814.72550372322,1187.67092025853,954.599467525735
EPCAM,3.37115902328761,9.34960554418181,5.84436777124283,0,7.51267440594156,10.0225154107872,15.4552185124183,2.09453958789134,2.06884813226132,0.636483046519697,0,2.38076149633337,0,0,0,0,0,0
ADD2,11.7990565815066,22.706184893013,11.6887355424857,10.6991640142694,0,33.408384702624,30.5334804757532,14.6617771152394,7.24096846291462,2.54593218607879,8.3972728291248,7.93587165444455,3.38616962529385,6.47559752700641,6.27604817684977,4.56534717917792,13.8060106974911,1.99846364450608
CTNNA2,62.3664419308207,112.863095497623,11.6887355424857,133.739550178368,323.044999455487,10.0225154107872,243.513930707859,128.290549758345,70.5994425134176,9.54724569779546,12.9188812755766,4.76152299266673,66.0303076932301,6.47559752700641,1.25520963536995,5.93495133293129,9.5580074059554,4.66308183718084
MAL,246.094608699995,56.7654622325324,46.7549421699426,37.4470740499429,82.6394184653572,23.3858692918368,191.493926934353,211.286680928539,77.8404109763322,302.965930143376,538.071405127766,37.2985967758894,123.595191323226,161.88993817516,792.037279918441,325.052719157468,163.548126724126,183.19250074639
IL1RL1,5.05673853493141,2.67131586976623,5.84436777124283,8.02437301070206,22.5380232178247,3.3408384702624,6.03130478533397,5.23634896972836,2.58606016532665,1.90944913955909,0.645944063778831,0,1.69308481264693,0,1.25520963536995,0,0,0
GLI2,8.42789755821901,3.33914483720779,4.38327582843212,2.67479100356735,22.5380232178247,3.3408384702624,40.3343507519209,10.7345153879431,6.20654439678396,1.27296609303939,0.645944063778831,0,8.46542406323463,0,0,0,0,0.666154548168692
CLASP1,586.581670052043,732.608377283389,828.439131573671,754.291063005994,593.501278069383,481.080739717785,365.647852610872,886.513880575011,869.692033599353,373.615548307062,407.590704244442,359.494985946338,206.556347142925,401.487046674398,430.536904931894,415.903128023108,638.970495101833,533.589793083122
PLA2R1,10.1134770698628,8.68177657674025,4.38327582843212,8.02437301070206,37.5633720297078,0,21.1095667486689,14.1381422182666,6.98236244638196,0,1.29188812755766,1.58717433088891,3.38616962529385,0,1.25520963536995,0,0,0
IFIH1,107.877088745203,220.383559255714,610.736432094875,540.307782720605,751.267440594156,163.701085042857,119.495226059429,431.99879000259,617.292561463472,75.741482535844,176.342729411621,349.971939961005,286.13133333733,482.432015761978,168.198091139574,104.089915685256,417.366323393386,237.817173696223
ITGAV,104.505929721916,635.773177004363,432.483215071969,2313.69421808576,781.318138217922,103.565992578134,91.2234848781763,634.907312579564,815.901982160558,71.2861012102061,67.8241266967772,397.587169887672,367.399404344383,505.0966071065,135.562640619955,79.4370409176957,227.976176645751,364.386537848274
STAT1,235.981131630132,1121.95266530182,1480.08613806725,460.064052613585,1156.951858515,778.415363571139,841.743974103172,898.2956657569,890.639120938499,239.317625491406,1766.01107037132,2537.89175509137,646.758398431125,961.626232760452,784.506022106221,1851.24828115664,2479.0639208854,1884.55121676923
ABCA12,23.5981131630132,12.020921413948,0,13.3739550178368,15.0253488118831,50.112577053936,35.0569590647537,22.2544831213455,8.27539252904528,1.90944913955909,2.58377625511532,0,3.38616962529385,0,0,2.73920830750675,1.41600109717858,3.33077274084346
SLC11A1,343.858220375336,510.22133112535,235.235802792524,604.502766806222,150.253488118831,110.247669518659,728.65700937816,112.057867952187,393.856963179249,652.39512268269,190.553498814755,820.569129069567,2754.64899017655,906.583653780898,342.672230455997,856.915665531695,203.550157719421,1753.31877078
TRPM8,6.74231804657521,6.67828967441558,2.92218388562141,2.67479100356735,0,0,12.8165226688347,9.16361069702463,5.43072634718597,0.636483046519697,0,0,11.8515936885285,0,0,1.36960415375337,0.354000274294644,0
XCR1,35.3971697445199,26.7131586976623,7.30545971405353,18.7235370249715,60.1013952475325,0,58.0513085588394,13.8763247697801,9.30981659517594,3.81889827911818,6.45944063778831,13.4909818125557,0,22.6645913445224,5.02083854147981,12.7829721016982,0.354000274294644,3.99692728901215
CCR1,286.548516979447,472.155079981181,112.504079596424,139.089132185502,338.07034826737,173.723600453645,701.139181295074,201.599435334542,612.379047149351,414.350463284323,268.066786468215,1265.77152888391,1078.49502565609,738.218118078731,311.291989571748,1099.79213546396,464.094359600279,2532.71959213737
GPX1,1169.7921810808,736.615351088038,650.185914550764,1021.77016336273,713.704068564448,1426.53802680204,1844.07143811586,230.399354668048,747.11278176287,1394.53435492466,792.573366256625,2760.88974858126,4403.71359769465,3888.59631496735,1192.44915360146,2051.66702232256,840.042650901191,2330.87476404225
DNASE1L3,190.47048481575,133.565793488312,308.290399933059,90.94289412129,939.084300742695,33.408384702624,228.435668744524,4.18907917578269,36.7220543476384,12.7296609303939,9.04321689290363,34.1242481141116,0,51.8047802160513,1.25520963536995,32.4139649721632,2.83200219435716,1.99846364450608
MAGI1,52.2529648609579,42.7410539162597,20.4552871993499,40.1218650535103,97.6647672772403,13.3633538810496,100.647398605261,65.1925446731181,28.7052678351258,5.72834741867727,5.81349657400948,3.17434866177782,28.7824418149977,0,1.25520963536995,4.10881246126012,18.0540139890269,2.66461819267477
TAFA4,23.5981131630132,8.01394760929869,5.84436777124283,24.0731190321062,22.5380232178247,0,32.4182632211701,18.0654039455628,6.72375642984929,1.27296609303939,0,1.58717433088891,6.7723392505877,0,0,0.456534717917792,0,1.33230909633738
ROBO2,193.841643839037,126.219674846454,51.1382179983747,29.4227010392409,217.867557772305,46.7717385836736,284.225238008863,176.203142831359,86.3744095219101,35.643050605103,43.9241963369605,28.5691379560004,44.0202051288201,35.6157863985353,30.1250312488789,53.8710967142994,29.7360230407501,29.3108001194224
ROBO1,84.2789755821901,80.1394760929869,16.0720113709178,26.7479100356735,135.228139306948,10.0225154107872,185.46262214902,136.930525558397,70.0822304803522,4.45538132563788,9.04321689290363,0.793587165444455,30.4755266276447,9.71339629050962,1.25520963536995,4.10881246126012,1.06200082288393,3.33077274084346
EPHA3,35.3971697445199,12.6887503813896,5.84436777124283,0,52.5887208415909,0,39.5804376537542,30.8944589213973,16.0335730250252,2.54593218607879,5.81349657400948,0,15.2377633138223,0,1.25520963536995,2.28267358958896,1.41600109717858,0
COL8A1,11.7990565815066,6.67828967441558,4.38327582843212,0,22.5380232178247,0,18.8478274541686,14.1381422182666,8.53399854557795,1.27296609303939,1.93783219133649,0,1.69308481264693,0,0,0,0.354000274294644,0
CBLB,1178.22007863902,1311.61609205522,1931.56354839575,1364.14341181935,1171.97720732688,1192.67933388368,502.106123379053,1587.13737272467,1981.69790468981,1115.75478054903,1011.54840387765,567.414823292786,199.784007892337,731.742520551725,788.271651012331,587.560181960198,1036.15880286042,594.209856966473
PHLDB2,104.505929721916,127.555332781337,343.356606560516,136.414341181935,308.019650643604,93.5434771673471,110.071312332345,267.315614904633,91.2879238360308,53.4645759076546,65.8862945054407,38.0921839413339,15.2377633138223,61.5181765065609,37.6562890610986,50.6753536888749,103.014079819742,23.9815637340729
CCDC80,3.37115902328761,8.01394760929869,43.8327582843212,5.34958200713471,60.1013952475325,10.0225154107872,9.8008702761677,12.0436026303752,15.2577549754272,5.09186437215758,2.58377625511532,7.93587165444455,0,6.47559752700641,2.51041927073991,2.28267358958896,3.54000274294644,5.99539093351823
DRD3,5.05673853493141,6.67828967441558,1.46109194281071,2.67479100356735,45.0760464356494,0,12.0626095706679,12.0436026303752,7.49957447944729,5.09186437215758,2.58377625511532,0,5.07925443794078,3.23779876350321,0,1.82613887167117,0.354000274294644,0
CD86,249.465767723283,301.190864316142,159.259021766367,1198.30636959817,172.791511336656,96.8843156376095,613.308305358648,112.057867952187,361.0139990796,577.290123193365,384.982662012183,1099.11822414057,631.520635117303,1078.18698824657,205.854380200672,1460.91109733693,889.602689302441,1539.48316081785
CASR,6.74231804657521,4.6748027720909,11.6887355424857,18.7235370249715,15.0253488118831,13.3633538810496,24.8791322395026,18.8508562910221,11.8958767605026,4.45538132563788,9.04321689290363,2.38076149633337,1.69308481264693,0,0,2.28267358958896,4.60200356583038,2.66461819267477
SEMA5B,6.74231804657521,16.0278952185974,4.38327582843212,24.0731190321062,0,6.6816769405248,20.3556536505021,9.42542814551105,6.46515041331663,1.90944913955909,0.645944063778831,0.793587165444455,8.46542406323463,0,0,0.456534717917792,0.354000274294644,1.99846364450608
EPHB1,52.2529648609579,74.7968443534545,37.9883905130784,50.8210290677797,97.6647672772403,20.0450308215744,132.311748728264,33.2508159577751,29.9982979177892,15.2755931164727,9.68916095668246,11.1102203162224,15.2377633138223,6.47559752700641,5.02083854147981,28.3051525109031,9.5580074059554,7.32770002985561
PIK3CB,212.383018467119,618.409623850882,413.48901981543,1040.4937003877,713.704068564448,320.72049314519,237.859582471608,991.502677418065,861.416641070307,197.946227467626,175.696785347842,393.61923406045,184.546244578515,252.54830355325,266.10444269843,234.202310291827,320.724248510948,358.391146914756
AGTR1,5.05673853493141,2.00348690232467,5.84436777124283,0,37.5633720297078,16.704192351312,7.91608753075083,3.66544427880985,3.10327219839198,0.636483046519697,0,0.793587165444455,3.38616962529385,0,1.25520963536995,0,0.354000274294644,0
APOD,0,5.34263173953246,54.0604018839961,16.0487460214041,22.5380232178247,13.3633538810496,9.04695717800095,2.09453958789134,1.03442406613066,0,0,0.793587165444455,0,0,1.25520963536995,1.36960415375337,0,0
NSD2,129.789622396573,184.988623981311,213.319423650363,181.88578824258,157.766162524773,330.743008555977,126.657400492013,120.959661200725,142.233309092966,128.569575396979,105.288882395949,139.671341118224,115.129767259991,106.847359195606,170.708510410314,77.6109020460246,71.5080554075182,127.901673248389
CLNK,74.1654985123273,31.3879614697532,4.38327582843212,29.4227010392409,82.6394184653572,0,68.2291353840905,21.9926656728591,16.5507850580906,10.1837287443152,17.4404897220284,5.55511015811119,3.38616962529385,19.4267925810192,10.0416770829596,15.0656456912871,0.354000274294644,7.32770002985561
SLIT2,33.7115902328761,32.0557904371948,5.84436777124283,18.7235370249715,112.690116089123,6.6816769405248,66.721309187757,46.341688382096,26.8950257193972,3.81889827911818,1.93783219133649,7.1422844890001,22.01010256441,3.23779876350321,0,0.456534717917792,18.4080142633215,0
TLR1,77.5366575356149,118.205727237156,125.653907081721,18.7235370249715,135.228139306948,123.611023399709,141.358705906265,87.70884524295,80.4264711416588,81.4698299545212,120.145595862863,388.857711067783,231.952619332629,278.450693661276,123.010544266255,301.76944854366,361.080279780537,387.701947034179
LIMCH1,33.7115902328761,23.3740138604545,10.2276435996749,13.3739550178368,75.1267440594156,16.704192351312,52.0200037735055,33.7744508547479,22.4987234383419,17.1850422560318,5.16755251023065,8.72945881988901,10.1585088758815,3.23779876350321,0,4.56534717917792,3.89400301724109,7.9938545780243
TXK,500.617114958209,329.239680948688,353.584250160191,139.089132185502,105.177441683182,113.588507988922,325.690458408034,341.933587723262,145.077975274825,592.565716309838,1463.06330445905,169.827653405113,260.735061147627,385.298052856882,1114.62615620852,824.045165841614,476.130368926297,464.975874621747
PDGFRA,6.74231804657521,6.01046070697402,23.3774710849713,2.67479100356735,15.0253488118831,16.704192351312,6.40826133441734,15.4472294606987,4.65490829758797,0.636483046519697,0.645944063778831,9.52304598533346,3.38616962529385,0,1.25520963536995,0.913069435835583,3.89400301724109,1.33230909633738
KIT,48.8818058376703,74.1290153860129,78.8989649117781,163.162251217609,75.1267440594156,40.0900616431488,39.9573942028375,11.258150284916,28.1880558020605,8.91076265127576,5.16755251023065,13.4909818125557,45.713289941467,25.9023901080257,1.25520963536995,10.0437637941914,22.3020172805626,7.9938545780243
KDR,3.37115902328761,8.01394760929869,18.9941952565392,0,7.51267440594156,0,14.3243488651682,6.28361876367403,0.51721203306533,0,0,0.793587165444455,3.38616962529385,0,0,0.456534717917792,0,0.666154548168692
NPFFR2,16.855795116438,4.00697380464935,0,0,45.0760464356494,3.3408384702624,36.9417418101706,8.11634090307896,4.65490829758797,0,0,0,6.7723392505877,0,0,0,0,0.666154548168692
CXCL13,30.3404312095885,63.443751906948,10.2276435996749,56.1706110749144,15.0253488118831,3.3408384702624,10.1778268252511,12.5672375273481,302.569039343218,1.27296609303939,3.22972031889415,3.96793582722228,5.07925443794078,12.9511950540128,0,5.4784166150135,6.3720049373036,3.33077274084346
ANXA3,10.1134770698628,10.6852634790649,4.38327582843212,18.7235370249715,30.0506976237662,3203.86409298164,22.9943494940858,9.42542814551105,6.20654439678396,0.636483046519697,0.645944063778831,568.20841045823,1.69308481264693,3.23779876350321,21.3385638012892,9.13069435835583,0,0
HPSE,52.2529648609579,91.4925685394934,48.2160341127533,26.7479100356735,75.1267440594156,26.7267077620992,99.8934855070939,34.2980857517208,100.856346447739,43.2808471633394,67.1781826329984,249.186369949559,326.765368840857,226.645913445224,38.9114986964686,215.940921575115,101.244078448268,414.348128960926
SPP1,6.74231804657521,19.3670400558052,33.6051146846462,732.892734977455,75.1267440594156,0,15.8321750615017,0.261817448486418,4.65490829758797,1.27296609303939,0.645944063778831,6.34869732355564,13.5446785011754,16.188993817516,10.0416770829596,2.73920830750675,0,1.99846364450608
MMRN1,21.9125336513694,29.3844745674285,7.30545971405353,5.34958200713471,37.5633720297078,36.7492231728864,28.271741181253,15.1854120122122,12.6716948101006,3.18241523259849,0,7.1422844890001,8.46542406323463,0,8.78646744758967,12.3264373837804,13.4520104231965,1.33230909633738
GRID2,123.047304349998,88.8212526697271,13.1498274852964,58.8454020784818,142.74081371289,0,239.744365217025,146.87958860088,74.2199267448749,9.54724569779546,13.5648253393554,5.55511015811119,67.723392505877,12.9511950540128,1.25520963536995,0.456534717917792,7.78800603448218,2.66461819267477
TRPC3,6.74231804657521,8.68177657674025,10.2276435996749,24.0731190321062,22.5380232178247,0,18.8478274541686,12.3054200788616,7.24096846291462,0.636483046519697,1.29188812755766,4.76152299266673,10.1585088758815,0,3.76562890610986,0.456534717917792,0,1.99846364450608
IL21,3.37115902328761,7.34611864185713,2.92218388562141,0,30.0506976237662,3.3408384702624,1.50782619633349,3.14180938183702,3.10327219839198,0.636483046519697,1.29188812755766,0,0,0,1.25520963536995,0,1.77000137147322,0.666154548168692
FGF2,8.42789755821901,3.33914483720779,0,0,60.1013952475325,0,9.04695717800095,10.9963328364296,5.68933236371863,1.27296609303939,0,0,0,0,0,0.456534717917792,0,0.666154548168692
TLR2,144.959838001367,315.883101599857,217.702699478795,521.584245695634,262.943604207955,106.906831048397,430.107422504129,157.87592143731,177.662333357941,358.976438237109,183.448114113188,1255.45489573313,4380.0104103176,676.69994157217,154.390785150504,810.805659021998,1176.3429114811,1009.22414047557
VEGFC,6.74231804657521,3.33914483720779,5.84436777124283,10.6991640142694,37.5633720297078,0,10.9317399234178,8.11634090307896,4.65490829758797,0,0.645944063778831,0,3.38616962529385,0,0,0,0,0
TENM3,109.562668256847,100.842174083675,26.2996549705927,80.2437301070206,127.715464901007,13.3633538810496,246.529583100526,144.261414116016,65.9445342158296,14.0026270234333,10.9810490842401,7.93587165444455,50.7925443794078,3.23779876350321,0,5.02188189709571,8.49600658307147,4.66308183718084
TLR3,10.1134770698628,20.0348690232467,23.3774710849713,136.414341181935,37.5633720297078,3.3408384702624,6.40826133441734,10.4726979394567,34.9118122319098,3.81889827911818,4.52160844645182,6.34869732355564,3.38616962529385,9.71339629050962,0,9.13069435835583,1.41600109717858,6.66154548168692
EGFLAM,3.37115902328761,14.0244083162727,7.30545971405353,2.67479100356735,15.0253488118831,0,26.0100018867527,10.7345153879431,5.9479383802513,4.45538132563788,1.93783219133649,0,5.07925443794078,0,0,0,0,0.666154548168692
DAB2,74.1654985123273,175.63901843713,135.881550681396,262.129518349601,277.968953019838,36.7492231728864,122.510878452096,42.9380615517725,83.5297433400508,30.5511862329455,38.7566438267298,111.895790327668,33.8616962529385,110.085157959109,40.1667083318385,80.3501103535313,65.1360504702146,35.3061910529407
C7,16.855795116438,66.1150677767142,179.714308965717,13.3739550178368,37.5633720297078,6.6816769405248,22.6173929450024,14.399959666753,9.05121057864328,0.636483046519697,57.4890216763159,6.34869732355564,3.38616962529385,0,0,0,0.708000548589289,0
FGF10,3.37115902328761,1.33565793488312,1.46109194281071,2.67479100356735,7.51267440594156,0,12.0626095706679,9.68724559399746,4.13769626452264,0,1.29188812755766,0,3.38616962529385,0,0,0,0,0
ITGA1,21.9125336513694,37.3984221767272,45.2938502271319,21.3983280285388,60.1013952475325,13.3633538810496,27.5178280830862,28.0144669880467,28.9638738516585,11.4566948373545,10.9810490842401,23.0140277978892,10.1585088758815,16.188993817516,15.0625156244394,9.13069435835583,17.7000137147322,2.66461819267477
PIK3R1,933.811049450667,860.831539032168,1163.02918647732,1059.21723741267,443.247789950552,1015.61489495977,435.384814191296,703.241666634519,661.514190290557,1556.20104874066,1302.8691766419,957.066121526013,856.700915199344,605.4683687751,1825.07480982791,984.288851830759,1600.43524008609,1161.7735320062
EDIL3,65.7376009541083,21.3705269581298,5.84436777124283,26.7479100356735,157.766162524773,10.0225154107872,73.8834836203411,56.2907514245799,24.0503595375379,0,1.93783219133649,1.58717433088891,20.3170177517631,0,0,0.913069435835583,16.9920131661429,3.33077274084346
ADGRV1,40.4539082794513,50.0871725581168,7.30545971405353,29.4227010392409,127.715464901007,13.3633538810496,105.924790292428,74.8797902671155,41.1183566286937,7.63779655823637,9.68916095668246,6.34869732355564,38.9409506908793,6.47559752700641,2.51041927073991,6.84802076876687,2.12400164576787,5.99539093351823
MEGF10,18.5413746280818,10.0174345116234,5.84436777124283,0,67.6140696534741,0,33.5491328684202,15.1854120122122,10.8614526943719,0,1.93783219133649,1.58717433088891,5.07925443794078,3.23779876350321,0,0,0,0.666154548168692
HBEGF,165.186792141093,66.1150677767142,90.5877004542638,64.1949840856165,112.690116089123,120.270184929446,466.672207765216,21.7308482243727,128.009978183669,257.139150793958,242.229023917061,506.308611553563,1486.528465504,738.218118078731,126.776173172365,659.236132673291,400.374310227243,1329.64447814471
SPRY4,1.6855795116438,0.667828967441558,10.2276435996749,0,30.0506976237662,6.6816769405248,2.63869584358361,1.83272213940493,3.36187821492465,0.636483046519697,0.645944063778831,0,0,0,1.25520963536995,0,0,0
FGF1,13.4846360931504,6.67828967441558,2.92218388562141,8.02437301070206,15.0253488118831,0,17.3400012578352,9.42542814551105,4.13769626452264,0.636483046519697,0.645944063778831,3.17434866177782,5.07925443794078,0,0,0,0,0
GRIA1,15.1702156047942,25.3775007627792,1.46109194281071,2.67479100356735,45.0760464356494,0,52.0200037735055,22.5163005698319,8.27539252904528,2.54593218607879,1.29188812755766,0,13.5446785011754,0,0,0,9.91200768025004,0.666154548168692
IRF4,305.089891607528,998.404306325128,758.306718318757,1241.10302565525,1269.64197460412,160.360246572595,330.590893546118,470.224137481607,660.479766224427,119.658812745703,83.972728291248,259.503003100337,472.370662728492,586.04157619408,50.2083854147981,252.920233726457,227.622176371456,177.863264361041
LY86,219.125336513694,174.971189469688,78.8989649117781,208.633698278254,225.380232178247,146.996892691546,751.651358872246,44.5089662426911,131.113250382061,341.154912934558,209.93182072812,697.563118425676,275.972824461449,990.766421631981,140.583479161435,937.265775885226,247.446191731956,536.254411275797
BMP6,58.9952829075331,84.8142788650778,42.3716663415105,283.527846378139,345.583022673312,106.906831048397,51.6430472244221,25.1344750546961,55.600293554523,31.8241523259849,14.8567134669131,30.9498994523338,28.7824418149977,19.4267925810192,10.0416770829596,22.8267358958896,26.1960202978037,50.6277456608206
ADTRP,84.2789755821901,138.240596260402,39.4494824558891,77.5689391034532,75.1267440594156,43.4309001134112,129.67305288468,150.283215431204,188.006574019248,179.488219118555,451.514900581403,85.7074138680012,50.7925443794078,178.078931992676,704.172605442544,430.05570427856,126.732098197483,250.474110111428
KIAA0319,13.4846360931504,16.0278952185974,5.84436777124283,13.3739550178368,52.5887208415909,0,24.5021756904192,21.2072133273999,24.0503595375379,6.36483046519697,1.93783219133649,20.6332663015558,1.69308481264693,0,2.51041927073991,0.913069435835583,0.354000274294644,1.99846364450608
PPARD,294.976414537666,341.928431330077,280.529653019656,968.274343291382,262.943604207955,110.247669518659,283.471324910696,224.115735904374,333.601761327138,370.433133074464,195.721051324986,553.92384148023,1527.16250100753,582.803777430577,547.2714010213,361.118961872973,330.636256191198,984.576422193326
LRFN2,6.74231804657521,14.6922372837143,7.30545971405353,21.3983280285388,60.1013952475325,0,29.7795673775865,11.258150284916,7.24096846291462,1.27296609303939,8.3972728291248,0,1.69308481264693,0,3.76562890610986,2.28267358958896,1.06200082288393,0.666154548168692
TREM1,451.735309120539,914.925685394934,309.75149187587,1142.13575852326,563.450580445617,554.579186063558,1172.33486764929,92.9451942126784,974.686076311615,1239.86897462037,592.976650548967,2994.99796238738,3631.66692312765,3697.56618792066,396.646244776905,1698.30915065418,531.000411441967,2533.38574668553
PKHD1,23.5981131630132,33.3914483720779,5.84436777124283,2.67479100356735,30.0506976237662,0,53.1508734207556,34.5599032002072,17.0679970911559,1.27296609303939,1.93783219133649,1.58717433088891,10.1585088758815,3.23779876350321,0,0.456534717917792,1.06200082288393,1.99846364450608
BMP5,18.5413746280818,4.00697380464935,35.066206627457,13.3739550178368,0,0,19.9786971014188,13.6145073212937,8.27539252904528,0.636483046519697,1.29188812755766,1.58717433088891,1.69308481264693,0,0,0.456534717917792,0.354000274294644,0
EYS,198.898382373969,114.866582399948,67.2102293692925,72.2193570963185,383.14639470302,63.4759309349856,274.424367732696,194.530364225409,109.64895100985,38.8254658377015,54.9052454212006,45.234468430334,108.357428009403,32.3779876350321,20.0833541659193,31.9574302542454,63.3660490987414,45.9646638236397
EPHA7,3.37115902328761,11.3530924465065,2.92218388562141,13.3739550178368,22.5380232178247,3.3408384702624,26.0100018867527,16.7563167031307,7.75818049597995,0,1.29188812755766,0,5.07925443794078,0,0,0,0.354000274294644,0
FUT9,6.74231804657521,10.0174345116234,0,2.67479100356735,7.51267440594156,3.3408384702624,22.240436395919,18.5890388425357,7.24096846291462,0,0.645944063778831,0.793587165444455,3.38616962529385,0,0,0,0,0.666154548168692
FHL5,1.6855795116438,3.33914483720779,13.1498274852964,5.34958200713471,22.5380232178247,0,6.78521788350071,6.54543621216045,3.36187821492465,1.27296609303939,0.645944063778831,2.38076149633337,3.38616962529385,0,0,0,0.708000548589289,1.33230909633738
GRIK2,65.7376009541083,39.4019090790519,8.76655165686424,8.02437301070206,67.6140696534741,0,108.186529586928,81.1634090307896,35.4290242649751,1.27296609303939,3.22972031889415,2.38076149633337,22.01010256441,0,1.25520963536995,0,2.83200219435716,0
ENPP3,11.7990565815066,12.6887503813896,4.38327582843212,16.0487460214041,22.5380232178247,0,30.5334804757532,15.4472294606987,8.79260456211061,7.00131351171667,3.22972031889415,0.793587165444455,1.69308481264693,9.71339629050962,2.51041927073991,11.4133679479448,6.72600521159824,0.666154548168692
IFNGR1,529.271966656154,1158.6832585111,1206.86194476164,1853.63016547218,676.140696534741,678.190209463267,726.772226632743,687.532619725334,869.692033599353,944.540841035231,567.138887997813,2288.70538514181,4904.86670223814,1453.77164481294,960.235371058014,1425.75792405726,1623.44525791524,1819.93422559687
AKAP12,80.9078165589025,90.8247395720518,74.515689083346,636.60025884903,150.253488118831,10.0225154107872,49.3813079299219,26.7053797456146,76.8059869102015,35.0065675585833,3.87566438267298,31.7434866177782,8.46542406323463,42.0913839255417,33.8906601549888,31.9574302542454,19.8240153605001,31.9754183120972
GPR31,1.6855795116438,25.3775007627792,7.30545971405353,66.8697750891838,15.0253488118831,0,4.52347858900048,2.8799919333506,16.0335730250252,1.27296609303939,0,3.96793582722228,20.3170177517631,19.4267925810192,0,1.82613887167117,0,3.33077274084346
SMOC2,11.7990565815066,4.00697380464935,10.2276435996749,16.0487460214041,15.0253488118831,0,29.0256542794197,15.9708643576715,6.20654439678396,1.90944913955909,1.93783219133649,0.793587165444455,6.7723392505877,3.23779876350321,0,1.36960415375337,0.354000274294644,0
LFNG,33.7115902328761,26.7131586976623,20.4552871993499,21.3983280285388,52.5887208415909,3.3408384702624,63.70565679509,21.7308482243727,33.3601761327138,60.4658894193712,63.3025182503254,38.0921839413339,35.5547810655854,97.1339629050962,31.3802408842488,64.8279299443264,51.3300397727234,82.6031639729178
CARD11,429.82277546917,402.033038399818,572.748041581797,286.202637381707,338.07034826737,190.427792804957,287.617846950614,418.907917578269,405.235627906686,332.880633329802,304.885598103608,60.3126245737786,79.5749861944055,184.554529519683,302.505522124159,152.482595784542,179.12413879309,155.214009723305
RAC1,146.645417513011,182.317308111545,368.195169588298,409.243023545805,368.121045891137,307.357139264141,151.536532731516,245.846584128746,287.569890384324,194.127329188508,153.734687179362,901.515019944901,2206.08951087894,822.400885929815,682.834041641255,195.853393986733,258.774200509385,921.957894665469
GLI3,18.5413746280818,18.6992110883636,5.84436777124283,16.0487460214041,135.228139306948,6.6816769405248,51.2660906753387,25.3962925031825,23.5331475044725,3.81889827911818,1.93783219133649,0.793587165444455,22.01010256441,0,3.76562890610986,1.36960415375337,0.708000548589289,2.66461819267477
SEMA3E,10.1134770698628,13.3565793488312,4.38327582843212,5.34958200713471,37.5633720297078,0,31.28739357392,33.5126334062615,10.6028466778393,6.36483046519697,2.58377625511532,3.96793582722228,10.1585088758815,0,1.25520963536995,1.36960415375337,3.54000274294644,0
SEMA3A,85.964555093834,38.7340801116103,61.3658615980497,5.34958200713471,180.304185742597,3.3408384702624,90.8465283290929,75.4034251640884,49.393749157739,3.81889827911818,22.6080422322591,11.1102203162224,15.2377633138223,9.71339629050962,6.27604817684977,5.93495133293129,9.91200768025004,7.9938545780243
SEMA3D,33.7115902328761,18.0313821209221,1.46109194281071,5.34958200713471,67.6140696534741,3.3408384702624,62.1978305987565,33.2508159577751,14.4819369258292,0,0.645944063778831,0,5.07925443794078,3.23779876350321,0,0,0,0
COL26A1,25.283692674657,62.1080939720649,7.30545971405353,2.67479100356735,67.6140696534741,0,35.0569590647537,24.3490227092369,87.9260456211061,3.81889827911818,1.29188812755766,17.458917639778,10.1585088758815,12.9511950540128,2.51041927073991,1.36960415375337,0.708000548589289,7.9938545780243
CAV1,35.3971697445199,4.00697380464935,0,10.6991640142694,247.918255396072,16.704192351312,10.1778268252511,4.18907917578269,13.9647248927639,3.81889827911818,3.22972031889415,7.93587165444455,0,9.71339629050962,1.25520963536995,0.913069435835583,0,3.99692728901215
PODXL,11.7990565815066,14.0244083162727,17.5331033137285,16.0487460214041,45.0760464356494,10.0225154107872,20.3556536505021,19.8981260849678,15.2577549754272,17.8215253025515,6.45944063778831,3.17434866177782,0,12.9511950540128,3.76562890610986,4.56534717917792,2.12400164576787,7.32770002985561
PTN,20.2269541397256,8.68177657674025,5.84436777124283,8.02437301070206,30.0506976237662,3.3408384702624,12.4395661197513,9.94906304248388,7.24096846291462,0.636483046519697,1.93783219133649,0,1.69308481264693,0,0,0,0.354000274294644,0
DLC1,28.6548516979447,32.0557904371948,46.7549421699426,18.7235370249715,45.0760464356494,20.0450308215744,78.4069622093416,47.3889581760417,35.6876302815078,1.27296609303939,5.16755251023065,5.55511015811119,20.3170177517631,3.23779876350321,0,3.19574302542454,3.1860024686518,1.99846364450608
MTUS1,32.0260107212323,24.0418428278961,33.6051146846462,8.02437301070206,127.715464901007,16.704192351312,50.512177577172,42.1526092063133,29.9982979177892,22.2769066281894,23.2539862960379,14.2845689780002,8.46542406323463,29.1401888715289,6.27604817684977,33.7835691259166,8.85000685736611,17.9861728005547
LPL,10.1134770698628,10.0174345116234,52.5993099411854,64.1949840856165,112.690116089123,10.0225154107872,15.8321750615017,15.7090469091851,17.3266031076886,1.90944913955909,1.29188812755766,2.38076149633337,0,3.23779876350321,0,11.4133679479448,0,0.666154548168692
CLU,57.3097033958893,61.4402650046233,97.8931601683173,61.5201930820491,187.816860148539,731.643624987465,158.6987071641,59.4325608064169,123.872281919147,249.501354235721,91.0781129928151,235.695388137003,899.028035515517,194.267925810192,237.234621084921,465.20887755823,185.496143730394,243.146410081573
PBK,1.6855795116438,16.0278952185974,10.2276435996749,0,0,36.7492231728864,7.16217443258409,3.40362683032343,4.65490829758797,2.54593218607879,0.645944063778831,4.76152299266673,0,3.23779876350321,0,1.36960415375337,0.354000274294644,0.666154548168692
IDO1,74.1654985123273,30.7201325023117,33.6051146846462,90.94289412129,0,10.0225154107872,58.4282651079228,2.09453958789134,4.39630228105531,1.27296609303939,6.45944063778831,17.458917639778,0,0,2.51041927073991,11.4133679479448,0,4.66308183718084
RP1,25.283692674657,16.6957241860389,2.92218388562141,2.67479100356735,15.0253488118831,0,45.6117424390881,34.2980857517208,19.1368452234172,1.27296609303939,5.16755251023065,0.793587165444455,10.1585088758815,0,1.25520963536995,0.456534717917792,0,0
LYN,573.097033958893,794.048642288012,590.281144895525,1366.81820282292,1111.87581207935,778.415363571139,1259.41183048755,479.387748178631,615.740925364276,831.246858754725,499.960705364815,3005.31459553815,5775.11229593866,2266.45913445224,296.229473947309,2163.0614934945,2347.72981912208,2680.60590183082
CYP7B1,23.5981131630132,22.0383559255714,2.92218388562141,16.0487460214041,37.5633720297078,0,42.2191334973378,14.1381422182666,31.2913280004525,4.45538132563788,2.58377625511532,2.38076149633337,13.5446785011754,3.23779876350321,2.51041927073991,9.58722907627362,15.5760120689644,12.6569364152051
SULF1,16.855795116438,7.34611864185713,13.1498274852964,10.6991640142694,60.1013952475325,6.6816769405248,25.6330453376694,15.7090469091851,11.8958767605026,0,2.58377625511532,0,5.07925443794078,3.23779876350321,0,0,0.354000274294644,0
RIPK2,313.517789165747,572.997254064856,911.721372313881,497.511126663528,1029.23639361399,598.010086176969,748.258749930495,391.940720384168,448.422832667641,496.456776285364,478.644551260114,2162.52502583614,871.938678513167,1852.02089272383,346.437859362107,1502.45575666745,1187.31691998424,1165.10430474704
CDH17,6.74231804657521,8.01394760929869,4.38327582843212,5.34958200713471,15.0253488118831,0,7.91608753075083,11.258150284916,4.91351431412064,1.90944913955909,2.58377625511532,4.76152299266673,1.69308481264693,0,0,0.456534717917792,5.31000411441967,0
ANGPT1,33.7115902328761,36.0627642418441,21.9163791421606,13.3739550178368,37.5633720297078,6.6816769405248,52.0200037735055,26.7053797456146,21.2056933556785,5.09186437215758,5.81349657400948,19.8396791361114,5.07925443794078,0,1.25520963536995,25.1094094854785,6.72600521159824,2.66461819267477
HAS2,5.05673853493141,7.34611864185713,5.84436777124283,106.991640142694,7.51267440594156,3.3408384702624,6.40826133441734,2.61817448486418,6.98236244638196,0,0.645944063778831,1.58717433088891,0,0,0,0,3.1860024686518,0
TRIB1,67.4231804657521,104.849147888325,96.4320682255066,238.056399317494,458.273138762435,130.292700340234,140.227836259015,84.0434009641402,98.5288922989454,193.490846141988,94.9537773754881,569.795584789119,1941.96828010602,395.011449147391,179.494977857903,257.029046187717,121.068093808768,579.554456906762
ST3GAL1,1066.97183087053,776.01726016709,422.255571472294,679.396914906108,383.14639470302,424.286485723325,912.988761879929,702.718031737546,798.316773036337,1377.98579571514,881.713647058104,763.430853157566,805.908370819936,1120.27837217211,1022.99585282651,971.962414446978,607.46447068961,1531.48930623982
PTPRD,219.125336513694,144.918885934818,20.4552871993499,66.8697750891838,661.115347722857,36.7492231728864,357.354808531038,220.973926522537,119.993191671157,20.3674574886303,25.1918184873744,11.9038074816668,108.357428009403,6.47559752700641,3.76562890610986,5.02188189709571,14.5140112460804,2.66461819267477
SLC24A2,48.8818058376703,56.7654622325324,18.9941952565392,40.1218650535103,210.354883366364,3.3408384702624,106.301746841511,67.2870842610094,38.0150844303018,3.81889827911818,16.7945456582496,3.17434866177782,37.2478658782324,6.47559752700641,7.53125781221972,6.84802076876687,4.95600384012502,9.99231822253038
IFNA2,0,33.3914483720779,4.38327582843212,37.4470740499429,2013.39674079234,0,6.40826133441734,0,78.3576230093975,0,0,2.38076149633337,0,3.23779876350321,0,0.456534717917792,0,0
TEK,15.1702156047942,14.0244083162727,36.5272985702677,2.67479100356735,30.0506976237662,0,23.7482625922525,12.8290549758345,6.98236244638196,0.636483046519697,1.93783219133649,0.793587165444455,5.07925443794078,0,0,1.36960415375337,0,0
PHF24,26.9692721863009,32.0557904371948,10.2276435996749,48.1462380642124,97.6647672772403,43.4309001134112,55.4126127152558,58.6471084609576,23.5331475044725,15.9120761629924,14.8567134669131,12.6973946471113,23.703187377057,32.3779876350321,17.5729348951793,10.0437637941914,9.5580074059554,13.9892455115425
TRPM3,121.361724838354,72.7933574511298,30.6829307990248,42.7966560570777,510.861859604026,153.67856963207,170.761316734768,99.2288129763524,46.290476959347,16.5485592095121,16.7945456582496,27.7755507905559,40.6340355035262,29.1401888715289,5.02083854147981,6.84802076876687,30.7980238636341,7.32770002985561
TMC1,35.3971697445199,41.4053959813766,4.38327582843212,32.0974920428082,75.1267440594156,0,66.3443526386736,35.3453555456664,23.7917535210052,6.36483046519697,9.68916095668246,8.72945881988901,5.07925443794078,3.23779876350321,2.51041927073991,2.28267358958896,9.20400713166075,5.32923638534953
ROR2,20.2269541397256,17.3635531534805,11.6887355424857,16.0487460214041,112.690116089123,3.3408384702624,28.271741181253,18.5890388425357,11.8958767605026,0.636483046519697,3.22972031889415,6.34869732355564,11.8515936885285,3.23779876350321,3.76562890610986,0.913069435835583,1.41600109717858,1.99846364450608
KLF4,193.841643839037,287.834284967311,160.720113709178,676.72212390254,555.937906039676,56.7942539944608,325.690458408034,78.0215996489526,238.69335325965,373.615548307062,144.045526222679,779.302596466455,6850.22115196946,702.602331680196,80.333416663677,315.465490081194,478.608370846359,659.493002687005
EPB41L4B,8.42789755821901,17.3635531534805,5.84436777124283,0,37.5633720297078,3.3408384702624,30.1565239266698,17.2799516001036,7.24096846291462,3.81889827911818,0,0.793587165444455,8.46542406323463,0,0,0.913069435835583,1.06200082288393,2.66461819267477
TLR4,55.6241238842455,132.230135553428,58.4436777124283,171.186624228311,180.304185742597,96.8843156376095,234.466973529858,70.16707619436,126.458342084473,114.566948373545,74.2835673345655,338.861719644782,253.962721897039,317.304278823314,106.692819006446,564.733446064308,584.454452860458,574.891375069581
ASS1,3.37115902328761,6.01046070697402,1.46109194281071,0,22.5380232178247,3.3408384702624,5.6543482362506,2.09453958789134,5.68933236371863,1.27296609303939,0,0.793587165444455,0,0,0,0,0,0
ABL1,155.07331507123,167.625070827831,151.953562052313,187.235370249715,225.380232178247,170.382761983382,118.741312961263,203.95579237092,243.089655540705,126.0236432109,63.3025182503254,73.8036063863344,221.794110456747,97.1339629050962,153.135575515134,84.4589228147915,65.8440510188039,149.884773337956
FCN1,2762.66481958419,3130.11437039858,3410.18859452019,3204.39962227369,3147.81057608951,7597.06668137669,17343.3938667769,1340.24351880197,2843.37315177665,5166.9693716469,2455.87933048711,24065.5307921031,8819.27878907783,34129.6367660873,7944.22178225644,20397.0581271311,8446.09254439592,22099.0109809482
PTGDS,153.387735559586,102.845660986,233.774710849713,66.8697750891838,225.380232178247,10.0225154107872,172.646099480185,155.257746952446,96.4600441666841,85.9252112801591,56.8430776125371,66.6613218973343,82.9611558196993,55.0425789795545,18.8281445305493,31.9574302542454,133.812103683376,17.9861728005547
CXCL12,13.4846360931504,160.946781153415,442.710858671644,45.471447060645,330.557673861429,200.450308215744,74.6373967185079,3.66544427880985,94.3911960344228,0,0.645944063778831,20.6332663015558,1.69308481264693,3.23779876350321,0,1.36960415375337,10.6200082288393,0
ALOX5,11.7990565815066,0.667828967441558,1.46109194281071,2.67479100356735,0,3.3408384702624,4.90043513808385,1.30908724243209,2.84466618185932,3.18241523259849,9.04321689290363,13.4909818125557,25.3962721897039,6.47559752700641,2.51041927073991,16.4352498450405,7.08000548589289,41.3015819864589
WASHC2C,193.841643839037,201.016519199909,151.953562052313,117.690804156964,150.253488118831,223.836177507581,231.074364588108,211.810315825512,175.334879209147,242.500040724005,205.410212281668,341.242481141116,143.912209074989,265.499498607263,305.015941394899,367.510447923822,339.486263048564,321.752646765478
DRGX,10.1134770698628,41.4053959813766,14.6109194281071,139.089132185502,15.0253488118831,3.3408384702624,6.78521788350071,14.1381422182666,65.4273221827643,1.90944913955909,13.5648253393554,36.5050096104449,0,29.1401888715289,2.51041927073991,0.456534717917792,0.708000548589289,15.3215546078799
PRKG1,156.758894582874,134.233622455753,55.5214938268068,147.113505196204,570.963254851559,50.112577053936,226.927842548191,160.494095922174,129.0444022498,18.4580083490712,24.5458744235956,23.0140277978892,69.4164773185239,0,8.78646744758967,19.1744581525472,28.6740222178662,13.9892455115425
DLG5,79.2222370472587,48.0836856557922,68.6713213121032,77.5689391034532,60.1013952475325,86.8618002268224,35.8108721629204,56.0289339760934,59.9965958355783,82.7427960475606,41.3404200818452,7.93587165444455,66.0303076932301,9.71339629050962,15.0625156244394,14.6091109733693,7.43400576018753,14.6554000597112
ZMIZ1,389.368867189718,681.85337575783,423.716663415105,1345.41987479438,706.191394158507,334.08384702624,672.490483564737,439.591496008696,761.594718688699,611.660207705429,424.385249902692,1225.29858344624,5124.96772788224,2483.39165160696,335.140972643778,554.233147552199,733.134568064209,1812.60652556701
CH25H,15.1702156047942,1.33565793488312,5.84436777124283,18.7235370249715,0,0,10.1778268252511,0.785452345459254,3.62048423145731,23.5498727212288,3.22972031889415,53.1703400847785,79.5749861944055,9.71339629050962,3.76562890610986,9.58722907627362,12.3900096003126,5.99539093351823
AFAP1L2,3.37115902328761,15.3600662511558,13.1498274852964,0,52.5887208415909,10.0225154107872,25.256088788586,31.6799112668566,17.8438151407539,2.54593218607879,4.52160844645182,0.793587165444455,8.46542406323463,0,3.76562890610986,5.4784166150135,0,7.32770002985561
DOCK1,42.1394877910951,56.7654622325324,14.6109194281071,45.471447060645,105.177441683182,20.0450308215744,86.3230497400924,37.9635300305306,43.4458107774877,8.27427960475606,10.3351050204613,26.9819636251115,15.2377633138223,6.47559752700641,2.51041927073991,16.8917845629583,15.930012343259,9.99231822253038
RHOG,532.643125679442,243.089744148727,176.792125080095,173.861415231878,217.867557772305,751.68865580904,735.065270712577,376.231673474983,341.101335806585,639.028978705776,414.696088946009,400.76151854945,1676.15396452046,906.583653780898,1217.55334630885,823.132096405778,306.918237813457,1269.02441426136
MMP26,23.5981131630132,21.3705269581298,5.84436777124283,10.6991640142694,22.5380232178247,3.3408384702624,59.1821782060896,30.8944589213973,14.2233309092966,2.54593218607879,3.22972031889415,2.38076149633337,25.3962721897039,0,1.25520963536995,1.36960415375337,1.06200082288393,0
ANO3,37.0827492561637,24.0418428278961,1.46109194281071,5.34958200713471,45.0760464356494,0,76.1452229148414,42.1526092063133,27.1536317359298,7.63779655823637,3.87566438267298,0.793587165444455,16.9308481264693,0,0,0,2.12400164576787,0
RAG1,3.37115902328761,22.0383559255714,1.46109194281071,2.67479100356735,37.5633720297078,0,6.40826133441734,4.97453152124194,3.62048423145731,2.54593218607879,1.29188812755766,0.793587165444455,0,3.23779876350321,1.25520963536995,2.73920830750675,0,0.666154548168692
MDK,114.619406791779,16.0278952185974,67.2102293692925,61.5201930820491,105.177441683182,83.5209617565599,14.7013054142515,7.3308885576197,14.9991489588946,9.54724569779546,5.81349657400948,15.0781561434447,1.69308481264693,32.3779876350321,13.8073059890695,1.36960415375337,0,5.99539093351823
SPI1,42.1394877910951,70.1220415813636,35.066206627457,80.2437301070206,67.6140696534741,70.1576078755104,159.452620262267,50.7925850063651,81.4608952077895,109.475084001388,46.5079725920758,237.282562467892,3215.16805921651,171.60333446567,80.333416663677,211.832109113855,155.406120415349,415.680438057264
ANO1,11.7990565815066,14.6922372837143,2.92218388562141,2.67479100356735,22.5380232178247,3.3408384702624,23.7482625922525,16.7563167031307,7.75818049597995,1.90944913955909,4.52160844645182,0.793587165444455,8.46542406323463,0,0,1.36960415375337,1.77000137147322,0
LRRC32,6.74231804657521,6.01046070697402,4.38327582843212,0,0,23.3858692918368,12.0626095706679,10.7345153879431,19.3954512399499,31.8241523259849,46.5079725920758,30.9498994523338,231.952619332629,25.9023901080257,22.5937734366592,31.5008955363276,41.0640318181788,57.2892911425075
MMP8,5.05673853493141,2.67131586976623,46.7549421699426,10.6991640142694,67.6140696534741,1125.86256447843,7.16217443258409,0.785452345459254,4.39630228105531,0,0,359.494985946338,0,0,6.27604817684977,5.93495133293129,0,0
PDGFD,80.9078165589025,65.4472388092726,52.5993099411854,69.5445660927512,37.5633720297078,60.1350924647232,46.3656555372549,72.7852506792242,47.8421130585431,43.2808471633394,82.0348960999115,21.4268534670003,27.0893570023508,3.23779876350321,0,5.02188189709571,48.1440373040717,4.66308183718084
CARD16,431.508354980814,278.48467942313,319.979135475545,315.625338420948,345.583022673312,698.235240284841,652.511786463319,82.2106788247352,103.701012629599,849.068384057276,1092.93735591378,1776.84166343014,694.164773185239,880.681263672872,687.854880182735,1045.00796931382,865.530670650406,312.426483091116
GRIA4,45.5106468143827,18.6992110883636,4.38327582843212,16.0487460214041,67.6140696534741,0,43.7269596936713,35.8689904426393,12.9303008266333,0.636483046519697,3.87566438267298,0.793587165444455,6.7723392505877,0,0,0,0,0
POU2AF1,33.7115902328761,6.67828967441558,0,2.67479100356735,112.690116089123,40.0900616431488,10.9317399234178,1.57090469091851,7.49957447944729,0.636483046519697,1.93783219133649,1.58717433088891,0,0,1.25520963536995,6.39148605084908,0,0
CADM1,234.295552118489,202.352177134792,417.872295643862,596.47839379552,578.4759292575,53.4534155241984,207.703058544939,501.38041385149,238.951959276183,117.112880559624,121.43748399042,114.276551824002,40.6340355035262,64.7559752700641,38.9114986964686,27.3920830750675,214.17016594826,41.9677365346276
JAML,849.532073868477,532.927516018363,601.969880438011,171.186624228311,330.557673861429,394.218939490963,1871.21230964986,123.054200788616,140.940279010302,535.918725169585,952.121550009996,1603.0460741978,585.807345175836,1217.41233507721,461.917145816143,3107.63182486641,843.936653918432,1015.88568595725
ST3GAL4,69.1087599773959,56.7654622325324,26.2996549705927,5.34958200713471,45.0760464356494,63.4759309349856,76.8991360130081,33.5126334062615,37.7564784137691,21.00394053515,16.7945456582496,16.6653304743336,1.69308481264693,16.188993817516,22.5937734366592,19.1744581525472,28.6740222178662,37.9708092456154
PTPN6,696.144338308891,299.855206381259,406.183560101376,500.185917667095,525.887208415909,1032.31908731108,1223.97791487371,354.762642699096,360.755393063068,1019.64584052456,721.519519240954,968.176341842235,1640.59918345487,2561.09882193104,906.261356737106,1497.89040948827,796.50061716295,1680.70792502961
C3AR1,116.304986303422,93.4960554418181,151.953562052313,131.0647591748,105.177441683182,213.813662096793,353.585243040204,55.767116527607,99.0461043320107,259.048599933517,149.21307873291,1203.07814281379,176.08082051528,359.395662748856,76.5677877575672,779.30476348567,467.98836261752,760.082339460477
CLEC4D,11.7990565815066,47.4158566883506,10.2276435996749,29.4227010392409,15.0253488118831,150.337731161808,51.2660906753387,4.71271407275552,16.8093910746232,40.7349149772606,19.3783219133649,251.567131445892,430.043542412319,45.3291826890449,28.8698216135089,146.091109733693,69.7380540360449,116.577045929521
CLEC4E,69.1087599773959,203.020006102234,74.515689083346,139.089132185502,135.228139306948,33.408384702624,336.999154880535,25.658109951669,22.2401174218092,105.65618572227,71.6997910794502,475.358712101229,501.15310454349,210.456919627708,27.614611978139,667.453757595811,368.16028526643,221.163309992006
CLEC9A,80.9078165589025,40.0697380464935,27.7607469134034,58.8454020784818,52.5887208415909,10.0225154107872,50.1352210280886,6.28361876367403,8.53399854557795,3.18241523259849,4.52160844645182,17.458917639778,1.69308481264693,0,0,4.56534717917792,0.354000274294644,4.66308183718084
GRIN2B,11.7990565815066,26.0453297302207,1.46109194281071,2.67479100356735,7.51267440594156,10.0225154107872,71.9987008749243,32.7271810608022,13.1889068431659,1.27296609303939,1.29188812755766,2.38076149633337,22.01010256441,3.23779876350321,1.25520963536995,0.456534717917792,1.06200082288393,0
LRRK2,40.4539082794513,55.4298042976493,106.659711825182,16.0487460214041,105.177441683182,66.816769405248,155.683054771433,21.9926656728591,24.5675715706032,101.200804396632,59.4268538676524,462.661317454118,160.843057201458,93.896164141593,70.2917395807174,341.487969002508,339.486263048564,177.197109812872
LRP1,60.6808624191769,46.748027720909,39.4494824558891,58.8454020784818,52.5887208415909,40.0900616431488,226.173929450024,41.6289743093405,55.8588995710557,115.203431420065,33.5890913164992,111.895790327668,1257.96201579667,158.652139411657,92.8855130173766,178.048539987939,82.4820639106522,417.012747153601
IFNG,33.7115902328761,68.7863836464804,967.242866140688,248.755563331764,315.532325049546,86.8618002268224,19.9786971014188,204.217609819406,260.157652631861,15.9120761629924,167.299512518717,261.88376459667,0,110.085157959109,7.53125781221972,9.13069435835583,117.528091065822,27.9784910230851
PTPRR,16.855795116438,18.6992110883636,1.46109194281071,10.6991640142694,7.51267440594156,0,37.3186983592539,16.2326818061579,12.4130887935679,1.90944913955909,1.93783219133649,2.38076149633337,6.7723392505877,0,0,0.456534717917792,3.54000274294644,0.666154548168692
PAWR,35.3971697445199,62.1080939720649,17.5331033137285,29.4227010392409,37.5633720297078,23.3858692918368,32.0413066720867,27.2290146425875,18.8782392068846,5.72834741867727,8.3972728291248,7.1422844890001,1.69308481264693,6.47559752700641,2.51041927073991,1.82613887167117,16.6380128918483,0.666154548168692
KITLG,10.1134770698628,6.67828967441558,4.38327582843212,8.02437301070206,7.51267440594156,3.3408384702624,19.9786971014188,12.0436026303752,8.79260456211061,0.636483046519697,1.93783219133649,0,6.7723392505877,0,0,0,0,0.666154548168692
LUM,0,2.00348690232467,39.4494824558891,16.0487460214041,0,30.0675462323616,2.63869584358361,0.261817448486418,2.58606016532665,0,0,5.55511015811119,0,0,0,0,0,0
NR1H4,1.6855795116438,4.6748027720909,1.46109194281071,0,22.5380232178247,3.3408384702624,15.0782619633349,12.0436026303752,5.1721203306533,0.636483046519697,0.645944063778831,0,1.69308481264693,0,1.25520963536995,0.456534717917792,0,0.666154548168692
POLR3B,64.0520214424645,92.8282264743765,80.3600568545889,29.4227010392409,90.1520928712987,53.4534155241984,75.768266365758,132.741446382614,82.7539252904528,45.8267793494182,56.1971335487583,43.647294099445,0,38.8535851620385,51.4635950501681,61.6321869189019,70.0920543103396,55.2908274980014
TRAFD1,128.104042884929,138.240596260402,178.253217022906,77.5689391034532,105.177441683182,200.450308215744,217.126972272023,243.490227092369,213.349963639449,187.762498723311,297.134269338262,203.158314353781,194.704753454396,252.54830355325,313.802408842488,407.22896838267,215.586167045438,224.494082732849
P2RX4,293.290835026022,251.103691758026,248.38563027782,246.080772328196,202.842208960422,250.56288526968,361.124374021871,211.286680928539,211.022509490655,393.346522749173,289.382940572916,407.90380303845,455.439814602023,553.663588559048,353.969117174327,367.053913205904,424.446328879279,529.59286579411
ATP8A2,48.8818058376703,45.4123697860259,23.3774710849713,26.7479100356735,90.1520928712987,6.6816769405248,98.7626158598437,58.6471084609576,30.2569039343218,17.1850422560318,21.3161541047014,14.2845689780002,11.8515936885285,29.1401888715289,6.27604817684977,6.84802076876687,3.54000274294644,8.66000912619299
TNFSF11,6.74231804657521,12.020921413948,7.30545971405353,0,37.5633720297078,0,11.6856530215846,15.1854120122122,9.05121057864328,5.09186437215758,1.29188812755766,0,0,0,3.76562890610986,3.65227774334233,0,2.66461819267477
TNFSF13B,106.19150923356,138.240596260402,127.114999024531,232.70681731036,142.74081371289,925.412256262684,521.330907382305,36.6544427880985,143.784945192162,180.761185211594,297.134269338262,774.541073473788,853.31474557405,365.871260275862,156.901204421244,1108.00976038648,733.134568064209,590.212929677461
CTSG,30.3404312095885,11.3530924465065,49.677126055564,24.0731190321062,30.0506976237662,114323.492452379,133.819574924597,1.57090469091851,36.4634483311058,2.54593218607879,0,13633.0339151703,0,9.71339629050962,75.3125781221972,24.6528747675607,0,0
PRKD1,21.9125336513694,24.0418428278961,8.76655165686424,8.02437301070206,105.177441683182,0,55.0356561661725,35.3453555456664,18.1024211572866,0.636483046519697,2.58377625511532,1.58717433088891,5.07925443794078,6.47559752700641,1.25520963536995,2.73920830750675,2.12400164576787,0
LRFN5,30.3404312095885,18.0313821209221,2.92218388562141,0,37.5633720297078,0,42.9730465955045,30.8944589213973,13.4475128596986,2.54593218607879,5.16755251023065,0.793587165444455,8.46542406323463,0,0,0,2.47800192006251,0
SLC24A4,11.7990565815066,58.1011201674155,16.0720113709178,26.7479100356735,7.51267440594156,56.7942539944608,163.222185753101,21.9926656728591,22.7573294548745,52.1916098146152,56.1971335487583,167.44689190878,487.608426042314,103.609560432103,21.3385638012892,206.353692498842,83.1900644592414,120.573973218533
RIN3,313.517789165747,470.151593078857,404.722468158566,714.169197952483,563.450580445617,427.627324193587,569.581345664977,352.929920559691,431.613441593018,725.590673032455,301.009933720935,940.40079105168,1576.26196057429,1308.0707004553,562.333916645739,544.189383758008,397.188307758591,1532.82161533616
LGMN,274.74946039794,1338.99707972032,1002.30907276814,1059.21723741267,1029.23639361399,247.222046799417,377.333505632456,263.12653572885,814.608952077895,169.304490374239,173.113009092727,519.006006200674,216.714856018806,469.480820707965,97.9063515588564,169.374380347501,130.272100940429,344.401901403214
THBS1,176.985848722599,796.719958157778,536.220743011529,4196.74708459718,841.419533465455,237.19953138863,879.816585560593,95.3015512490561,529.883727875431,1906.90320737301,115.623987416411,3175.14224894327,19126.7791284723,2023.6242271895,645.177752580156,1550.39190204882,1134.21687884004,2342.86554590929
TYRO3,8.42789755821901,14.0244083162727,2.92218388562141,16.0487460214041,30.0506976237662,6.6816769405248,9.04695717800095,4.18907917578269,4.39630228105531,2.54593218607879,1.93783219133649,0.793587165444455,0,0,0,0,0,0
TP53BP1,234.295552118489,247.764546920818,471.932697527858,163.162251217609,232.892906584188,203.791146686006,174.153925676518,325.700905917104,330.239883112213,251.41080337528,195.721051324986,141.258515449113,79.5749861944055,178.078931992676,86.6094648405268,84.9154575327092,94.5180732366701,141.890918759931
FRMD5,50.5673853493141,56.7654622325324,24.838563027782,48.1462380642124,180.304185742597,83.5209617565599,91.2234848781763,79.3306868913846,43.1872047609551,10.8202117908349,32.2972031889415,26.188376459667,18.6239329391162,3.23779876350321,15.0625156244394,12.3264373837804,45.3120351097145,10.6584727706991
SEMA6D,47.1962263260265,40.737567013935,16.0720113709178,18.7235370249715,150.253488118831,6.6816769405248,101.778268252511,58.6471084609576,32.3257520665831,3.18241523259849,9.04321689290363,5.55511015811119,145.605293887636,12.9511950540128,5.02083854147981,5.02188189709571,7.43400576018753,3.99692728901215
DAPK2,40.4539082794513,51.4228304929999,59.904769655239,56.1706110749144,105.177441683182,43.4309001134112,41.8421769482544,53.9343943882021,69.0478064142216,24.1863557677485,33.5890913164992,23.8076149633337,6.7723392505877,12.9511950540128,1.25520963536995,11.8699026658626,48.8520378526609,11.3246273188678
SMAD3,418.023718887663,592.364294120662,539.142926897151,938.851642252141,646.089998910974,190.427792804957,565.43482362506,355.024460147583,651.428555645783,532.736309936987,437.304131178268,862.629248838123,1886.09648128867,1398.72906583339,390.370196600056,654.214250776195,667.998517593994,1610.09554292373
CORO2B,11.7990565815066,24.7096717953376,5.84436777124283,21.3983280285388,37.5633720297078,10.0225154107872,33.1721763193368,19.6363086364813,11.3786647274373,4.45538132563788,3.87566438267298,13.4909818125557,5.07925443794078,3.23779876350321,0,1.82613887167117,5.31000411441967,0.666154548168692
NOX5,18.5413746280818,10.0174345116234,0,8.02437301070206,30.0506976237662,0,17.7169578069185,7.06907110913328,9.05121057864328,1.27296609303939,0.645944063778831,5.55511015811119,6.7723392505877,0,0,0.456534717917792,0,0
CSK,296.661994049309,77.4681602232207,195.786320336635,74.8941480998859,75.1267440594156,163.701085042857,375.071766337956,114.152407540078,84.0469553731162,304.875379282935,255.147905192638,267.438874754781,1467.90453256488,275.212894897773,328.864924466928,290.812615313633,267.270207092457,446.989701821192
SCAMP5,32.0260107212323,56.7654622325324,11.6887355424857,0,37.5633720297078,6.6816769405248,47.496525184505,7.06907110913328,28.7052678351258,5.09186437215758,2.58377625511532,2.38076149633337,8.46542406323463,0,2.51041927073991,7.30455548668466,1.77000137147322,11.9907818670365
NTRK3,16.855795116438,23.3740138604545,11.6887355424857,2.67479100356735,82.6394184653572,3.3408384702624,74.6373967185079,23.0399354668048,10.0856346447739,0.636483046519697,2.58377625511532,1.58717433088891,15.2377633138223,9.71339629050962,0,0.913069435835583,6.3720049373036,0.666154548168692
MEFV,0,23.3740138604545,8.76655165686424,21.3983280285388,15.0253488118831,10.0225154107872,28.6486977303364,24.8726576062097,13.4475128596986,26.0958049073076,5.16755251023065,88.0881753643346,67.723392505877,48.5669814525481,12.5520963536995,42.0011940484368,36.816028526643,97.9247185807977
ABAT,143.274258489723,160.946781153415,100.815344053939,90.94289412129,67.6140696534741,73.4984463457728,114.594790921345,323.08273143224,284.208012169399,112.021016187467,62.6565741865466,76.1843678826677,0,58.2803777430577,60.2500624977578,73.0455548668467,69.0300534874557,89.9308640027734
GRIN2A,32.0260107212323,24.0418428278961,7.30545971405353,74.8941480998859,37.5633720297078,0,69.3600050313406,29.3235542304788,24.8261775871359,1.27296609303939,2.58377625511532,18.2525048052225,18.6239329391162,0,1.25520963536995,3.19574302542454,17.3460134404376,0
EMP2,16.855795116438,8.68177657674025,14.6109194281071,13.3739550178368,15.0253488118831,6.6816769405248,9.04695717800095,6.80725366064687,8.79260456211061,2.54593218607879,1.29188812755766,6.34869732355564,1.69308481264693,3.23779876350321,2.51041927073991,0.913069435835583,0,0
SCNN1B,13.4846360931504,19.3670400558052,1.46109194281071,13.3739550178368,30.0506976237662,3.3408384702624,29.0256542794197,10.4726979394567,13.1889068431659,1.27296609303939,3.87566438267298,0.793587165444455,6.7723392505877,0,0,0,0,0
NUPR1,1.6855795116438,11.3530924465065,16.0720113709178,16.0487460214041,7.51267440594156,6.6816769405248,4.1465220399171,0.261817448486418,0.258606016532665,0.636483046519697,0.645944063778831,2.38076149633337,0,3.23779876350321,0,0,0,0
CD19,13.4846360931504,31.3879614697532,2.92218388562141,26.7479100356735,30.0506976237662,6.6816769405248,6.78521788350071,5.49816641821478,4.91351431412064,8.27427960475606,2.58377625511532,2.38076149633337,0,0,1.25520963536995,13.239506819616,0,6.66154548168692
PYCARD,195.527223350681,92.8282264743765,116.887355424857,101.642058135559,135.228139306948,811.823748273763,340.391763822286,40.0580696184219,56.6347176206537,358.976438237109,211.869652919456,596.777548414231,57.5648836299955,608.706167538603,322.588876290078,339.205295412919,207.444160736662,273.789519297332
CCL22,1.6855795116438,20.0348690232467,10.2276435996749,128.389968171233,0,0,4.52347858900048,6.80725366064687,16.0335730250252,0.636483046519697,0,0.793587165444455,0,6.47559752700641,0,0.913069435835583,0,1.33230909633738
SMPD3,123.047304349998,305.197838120792,84.743332683021,85.5933121141553,52.5887208415909,30.0675462323616,153.044358927849,19.3744911879949,140.68167299377,17.8215253025515,30.359370997605,19.8396791361114,1.69308481264693,22.6645913445224,10.0416770829596,24.196340049643,4.95600384012502,27.3123364749164
CDH1,32.0260107212323,188.995597785961,35.066206627457,34.7722830463756,97.6647672772403,10.0225154107872,39.5804376537542,33.7744508547479,69.8236244638196,8.27427960475606,5.81349657400948,14.2845689780002,93.1196646955809,12.9511950540128,3.76562890610986,4.56534717917792,13.8060106974911,5.99539093351823
IL34,15.1702156047942,6.01046070697402,1.46109194281071,13.3739550178368,37.5633720297078,6.6816769405248,17.3400012578352,17.54176904859,12.1544827770353,3.18241523259849,9.04321689290363,0,6.7723392505877,3.23779876350321,1.25520963536995,4.56534717917792,3.54000274294644,3.99692728901215
ADAMTS18,30.3404312095885,8.01394760929869,4.38327582843212,10.6991640142694,30.0506976237662,3.3408384702624,28.6486977303364,15.9708643576715,9.82702862824127,1.27296609303939,0,0,8.46542406323463,0,0,0,0,0
CDH13,91.0212936287654,101.510003051117,103.73752793956,112.341222149829,292.994301831721,100.225154107872,182.823926305436,137.977795352342,81.7195012243222,51.5551267680955,41.986364145624,59.5190374083342,115.129767259991,29.1401888715289,10.0416770829596,38.8054510230123,70.8000548589289,31.3092637639285
SLC7A5,434.879514004101,413.386130846324,692.557580892275,834.534793113014,413.197092326786,240.540369858893,233.713060431691,553.220268651801,1185.70858580227,430.262539447315,177.634617539178,157.130258758002,1197.01096254138,317.304278823314,320.078457019338,89.4808047118871,96.2880746081433,509.608229349049
ZFPM1,50.5673853493141,38.0662511441688,27.7607469134034,74.8941480998859,37.5633720297078,36.7492231728864,24.8791322395026,41.367156860854,42.9285987444224,54.1010589541743,27.1296506787109,6.34869732355564,49.0994595667608,12.9511950540128,65.2709010392376,5.4784166150135,6.3720049373036,12.6569364152051
SERPINF1,391.054446701362,819.426143050791,362.350801817055,444.015306592181,450.760464356494,26.7267077620992,511.906993655221,61.5271003943082,552.899663346838,74.4685164428046,72.345735143229,144.432864110891,389.409506908793,281.688492424779,22.5937734366592,161.15675542498,67.2600521159824,89.9308640027734
SPNS2,5.05673853493141,16.0278952185974,1.46109194281071,2.67479100356735,0,40.0900616431488,9.42391372708432,6.54543621216045,5.43072634718597,3.18241523259849,1.29188812755766,3.17434866177782,1.69308481264693,6.47559752700641,0,0.456534717917792,0,0
ARRB2,1053.48719477738,837.457525171713,752.462350547514,486.811962649258,638.577324505033,1503.37731161808,2290.38799223057,661.874509773665,846.417492111413,2160.85994293437,954.059382201333,1690.34066239669,2563.33040634744,2272.93473197925,1506.25156244394,3124.52360942937,1269.0909833463,2502.74263746978
CXCL16,352.286117933555,470.151593078857,410.566835929808,457.389261610017,405.684417920844,86.8618002268224,778.038317308082,214.428490310376,436.785561923671,524.462030332231,164.715736263602,974.525039165791,2160.37622093748,1240.07692642173,382.838938787836,1047.29064290341,349.398270728814,1639.40634304315
LGALS9,407.9102418178,374.652050734714,175.331033137285,157.812669210474,488.323836386202,414.263970312537,873.031367677092,222.283013764969,449.198650717239,562.014530076893,431.490634604259,704.705402914676,922.731222892574,1586.52139411657,653.964220027746,959.635977063198,424.092328604984,1561.46626090741
RNF135,1.6855795116438,0,0,0,7.51267440594156,3.3408384702624,3.01565239266698,0,2.58606016532665,5.09186437215758,23.8999303598167,2.38076149633337,5.07925443794078,6.47559752700641,5.02083854147981,2.73920830750675,4.95600384012502,14.6554000597112
ASIC2,40.4539082794513,36.7305932092857,11.6887355424857,21.3983280285388,82.6394184653572,13.3633538810496,125.526530844763,48.9598628669602,22.2401174218092,3.18241523259849,3.22972031889415,2.38076149633337,23.703187377057,0,2.51041927073991,1.36960415375337,2.47800192006251,0.666154548168692
IFI35,205.640700420544,160.278952185974,151.953562052313,18.7235370249715,97.6647672772403,594.669247706707,391.280897948541,130.908724243209,151.284519671609,239.317625491406,426.323082094028,475.358712101229,199.784007892337,443.578430599939,287.443006499719,407.685503100588,279.660216692769,314.424946735623
BRCA1,33.7115902328761,52.7584884278831,16.0720113709178,13.3739550178368,22.5380232178247,167.04192351312,47.8734817335884,18.3272213940493,17.8438151407539,12.7296609303939,9.04321689290363,46.8216427612229,6.7723392505877,12.9511950540128,10.0416770829596,24.196340049643,7.08000548589289,1.33230909633738
DUSP3,50.5673853493141,56.0976332650908,46.7549421699426,56.1706110749144,82.6394184653572,73.4984463457728,146.636097593432,49.2216803154466,85.0813794392468,73.1955503497652,39.4025878905087,99.1983956805569,228.566449707335,119.798554249619,101.671980464966,179.87467885961,120.360093260179,191.186355324415
B4GALNT2,3.37115902328761,2.67131586976623,0,16.0487460214041,22.5380232178247,0,7.16217443258409,5.49816641821478,4.13769626452264,0.636483046519697,1.29188812755766,0.793587165444455,1.69308481264693,0,0,0,0,0
C17orf99,16.855795116438,8.01394760929869,4.38327582843212,5.34958200713471,0,20.0450308215744,8.29304407983421,5.75998386670119,2.84466618185932,0,2.58377625511532,1.58717433088891,0,0,1.25520963536995,1.36960415375337,0,0
SOCS3,117.990565815066,80.8073050604285,67.2102293692925,90.94289412129,142.74081371289,46.7717385836736,79.9147884056751,177.250412625305,115.079677357036,163.576142955562,111.748323033738,164.272543247002,297.982927025859,178.078931992676,251.041927073991,120.981700248215,141.600109717858,396.361956160372
C1QTNF1,0,8.01394760929869,1.46109194281071,10.6991640142694,7.51267440594156,3.3408384702624,4.52347858900048,1.83272213940493,1.81024211572866,0,0.645944063778831,0.793587165444455,0,6.47559752700641,0,0.913069435835583,0,0
PIEZO2,28.6548516979447,38.7340801116103,1.46109194281071,48.1462380642124,105.177441683182,6.6816769405248,70.8678312276741,52.62530714577,26.8950257193972,6.36483046519697,3.87566438267298,9.52304598533346,23.703187377057,6.47559752700641,1.25520963536995,4.10881246126012,3.54000274294644,4.66308183718084
CDH2,25.283692674657,12.020921413948,1.46109194281071,5.34958200713471,67.6140696534741,0,34.3030459665869,28.0144669880467,15.5163609919599,0.636483046519697,1.93783219133649,1.58717433088891,15.2377633138223,0,0,0,0.354000274294644,0
CCBE1,28.6548516979447,20.7026979906883,10.2276435996749,18.7235370249715,15.0253488118831,10.0225154107872,38.8265245555874,25.9199274001554,10.8614526943719,0.636483046519697,1.93783219133649,0,15.2377633138223,0,2.51041927073991,0.456534717917792,0.708000548589289,0
SEMA6B,8.42789755821901,66.1150677767142,10.2276435996749,334.348875445919,60.1013952475325,16.704192351312,51.6430472244221,25.3962925031825,123.872281919147,59.1929233263318,26.4837066149321,115.863726154891,1070.02960159286,385.298052856882,65.2709010392376,100.894172659832,64.0740496473307,331.07881043984
PTPRS,58.9952829075331,188.995597785961,55.5214938268068,120.365595160531,15.0253488118831,13.3633538810496,84.4382669946756,32.9889985092887,80.6850771581915,28.6417370933864,7.75132876534597,11.9038074816668,16.9308481264693,16.188993817516,10.0416770829596,22.3702011779718,69.3840537617503,14.6554000597112
ADGRE2,151.702156047942,151.597175609234,59.904769655239,155.137878206906,97.6647672772403,66.816769405248,274.801324281779,118.603304164347,151.543125688142,217.677201909736,113.040211161295,284.89779239456,386.023337283499,508.334405870003,175.729348951794,392.619857409301,322.494249882421,1308.99368715148
PLVAP,37.0827492561637,63.443751906948,2.92218388562141,2.67479100356735,37.5633720297078,0,29.0256542794197,9.42542814551105,11.6372707439699,6.36483046519697,1.29188812755766,1.58717433088891,0,3.23779876350321,1.25520963536995,1.82613887167117,0,3.99692728901215
FFAR3,1.6855795116438,5.34263173953246,0,2.67479100356735,0,3.3408384702624,18.8478274541686,2.61817448486418,10.0856346447739,71.9225842567258,14.2107694031343,19.8396791361114,0,84.1827678510834,16.3177252598094,27.8486177929853,13.0980101489018,93.2616367436169
GPR42,1.6855795116438,4.00697380464935,0,0,0,0,5.27739168716722,1.83272213940493,8.27539252904528,17.8215253025515,6.45944063778831,0.793587165444455,5.07925443794078,45.3291826890449,5.02083854147981,8.21762492252025,2.12400164576787,48.6292820163145
FFAR2,20.2269541397256,72.7933574511298,16.0720113709178,29.4227010392409,0,36.7492231728864,153.421315476933,23.0399354668048,53.5314454222617,13.3661439769136,43.2782522731817,38.8857711067783,181.160074953221,97.1339629050962,60.2500624977578,151.569526348707,106.554082562688,307.763401253936
TYROBP,1070.34298989381,868.845486641466,711.551776148814,1195.63157859461,691.166045346624,2702.73832244228,2750.65193866137,274.908320910739,577.208628900909,1578.47795536885,1185.95330109793,3712.40075994916,4082.02748329174,6495.02431958743,1820.05397128643,3113.11024148142,1558.30920744502,1857.90503484248
CEACAM6,1.6855795116438,2.00348690232467,7.30545971405353,16.0487460214041,15.0253488118831,15451.3779249636,5.6543482362506,1.83272213940493,0.51721203306533,0,0,3241.00998367516,0,3.23779876350321,25.1041927073991,6.84802076876687,0,0
POU2F2,311.832209654104,164.285925990623,154.875745937935,106.991640142694,195.329534554481,116.929346459184,273.293498085445,175.941325382873,113.52804125784,293.41868444558,202.826436026553,192.048094037558,159.149972388811,294.639687478792,223.427315095852,341.03143428459,357.540277037591,341.737283210539
PLAUR,1318.12317810545,2402.84862485472,2302.68090186967,5186.4197559171,3703.74848212919,2305.17854448105,3188.67544869625,829.175859356486,1776.10612154634,3153.13701245858,2565.04387726574,10725.3305409818,11335.2028206712,9428.46999932134,912.537404913956,3900.17609517169,3447.60867135554,6703.51321822155
BCL3,84.2789755821901,81.47513402787,49.677126055564,128.389968171233,120.202790495065,136.974377280758,94.99305036901,73.8325204731699,99.3047103485434,199.855676607185,103.996994268392,200.777552857447,1601.65823276399,459.767424417455,241.000249991031,123.264373837804,120.360093260179,155.214009723305
APOE,0,25.3775007627792,33.6051146846462,18.7235370249715,52.5887208415909,6.6816769405248,2.63869584358361,0.261817448486418,2.84466618185932,0.636483046519697,0,1.58717433088891,143.912209074989,0,0,0,0,0
NOVA2,6.74231804657521,10.0174345116234,4.38327582843212,2.67479100356735,7.51267440594156,0,4.52347858900048,4.97453152124194,5.1721203306533,1.90944913955909,0.645944063778831,0,0,12.9511950540128,0,1.36960415375337,0.354000274294644,0
C5AR1,257.893665281502,268.467244911506,86.2044246258317,171.186624228311,150.253488118831,177.064438923907,943.522242355683,215.999395001295,372.909875840103,586.837368891161,353.977346950799,679.310613620454,2675.07400398214,790.022898294782,330.120134102298,1590.56695722559,574.896445454503,3950.96262518851
CARD8,321.945686723966,207.026979906883,213.319423650363,18.7235370249715,60.1013952475325,187.086954334694,343.784372764036,86.3997580005179,76.8059869102015,227.860930654052,452.160844645182,314.260517516004,179.466990140574,155.414340648154,149.369946609024,592.125529139376,344.088266614394,109.915500447834
RRAS,20.2269541397256,4.6748027720909,5.84436777124283,10.6991640142694,0,16.704192351312,18.8478274541686,3.66544427880985,2.32745414879399,30.5511862329455,16.7945456582496,38.0921839413339,42.3271203161731,22.6645913445224,17.5729348951793,30.1312913825742,7.08000548589289,18.6523273487234
SIGLEC10,55.6241238842455,38.0662511441688,11.6887355424857,82.9185211105879,82.6394184653572,30.0675462323616,145.882184495265,50.7925850063651,33.1015701161811,101.200804396632,67.8241266967772,54.7575144156674,81.2680710070524,223.408114681721,66.5261106746075,185.809630192541,133.104103134786,269.79259200832
FPR2,25.283692674657,34.727106306961,33.6051146846462,34.7722830463756,0,26.7267077620992,71.2447877767575,11.258150284916,71.1166545464829,66.1942368380485,27.7755947424897,210.300598842781,193.011668641749,29.1401888715289,76.5677877575672,144.264970862022,90.2700699451343,233.154091859042
LILRB2,11.7990565815066,12.6887503813896,1.46109194281071,0,0,0,58.8052216570062,0.261817448486418,1.55163609919599,48.372711535497,9.68916095668246,34.917835279556,8.46542406323463,3.23779876350321,1.25520963536995,87.1981311222982,3.1860024686518,7.9938545780243
NLRP9,5.05673853493141,10.6852634790649,2.92218388562141,2.67479100356735,0,0,5.27739168716722,6.80725366064687,3.62048423145731,0.636483046519697,1.29188812755766,0,0,0,0,0.913069435835583,0,0
SIRPB2,70.7943394890397,35.3949352744026,29.2218388562141,32.0974920428082,7.51267440594156,66.816769405248,235.220886628025,9.16361069702463,33.1015701161811,112.657499233986,32.2972031889415,279.342682236448,99.8920039461686,123.036353013122,36.4010794257287,381.663024179274,64.4280499216253,278.452601134513
SIRPB1,166.872371652737,96.1673713115843,264.457641648738,136.414341181935,195.329534554481,1185.99765694315,563.926997428726,57.0762037700391,105.511254745327,371.069616120983,161.486015944708,1651.45489128991,159.149972388811,874.205666145866,379.073309881726,1096.59639243854,724.638561481137,842.019348885226
AVP,35.3971697445199,10.0174345116234,1.46109194281071,133.739550178368,82.6394184653572,6.6816769405248,2.63869584358361,2.09453958789134,19.3954512399499,0.636483046519697,0,1.58717433088891,44.0202051288201,9.71339629050962,1.25520963536995,0,0,0
FERMT1,3.37115902328761,6.01046070697402,7.30545971405353,2.67479100356735,15.0253488118831,6.6816769405248,11.3086964725012,6.28361876367403,9.56842261170861,0.636483046519697,1.93783219133649,1.58717433088891,3.38616962529385,0,0,0,0.354000274294644,0
THBD,42.1394877910951,100.842174083675,105.198619882371,294.227010392409,112.690116089123,53.4534155241984,151.536532731516,45.5562360366367,551.865239280707,89.1076265127576,37.4647556991722,359.494985946338,1699.85715189751,304.353083769301,269.87007160454,250.18102541895,253.464196394965,1520.83083346912
HCK,359.02843598013,526.249226343947,216.241607535985,307.600965410246,262.943604207955,678.190209463267,1372.12183866348,229.090267425616,231.969596829801,826.154994382567,469.60133436721,1218.94988612268,941.35515583169,1084.66258577357,320.078457019338,2004.18741165911,838.980650078307,1406.25225118411
SAMHD1,790.536790960944,724.59442967409,575.670225467418,315.625338420948,338.07034826737,280.630431502041,1004.96615985627,451.111463742098,509.45385256935,798.1497403357,955.997214392669,788.032055286344,555.331818548191,679.937740335673,736.808055962163,1709.72251860213,1036.15880286042,1023.21338598711
LBP,1.6855795116438,2.00348690232467,7.30545971405353,0,30.0506976237662,10.0225154107872,8.67000062891758,2.61817448486418,2.58606016532665,0.636483046519697,0,3.17434866177782,0,0,0,0,0.354000274294644,0
CEBPB,16.855795116438,11.3530924465065,18.9941952565392,187.235370249715,7.51267440594156,20.0450308215744,8.29304407983421,3.66544427880985,17.0679970911559,31.1876692794652,15.5026575306919,70.6292577245565,2514.23094678068,51.8047802160513,11.2968867183296,11.4133679479448,32.2140249608126,12.6569364152051
BMP7,6.74231804657521,9.34960554418181,4.38327582843212,10.6991640142694,0,6.6816769405248,9.04695717800095,6.02180131518761,2.58606016532665,0,1.29188812755766,0,11.8515936885285,0,0,0,1.41600109717858,0
CXADR,8.42789755821901,37.3984221767272,70.1324132549139,37.4470740499429,105.177441683182,13.3633538810496,42.2191334973378,43.9853313457182,40.3425385790958,28.6417370933864,22.6080422322591,25.3947892942226,1.69308481264693,3.23779876350321,17.5729348951793,10.0437637941914,18.7620145376162,15.9877091560486
JAM2,5.05673853493141,11.3530924465065,4.38327582843212,16.0487460214041,7.51267440594156,0,8.67000062891758,8.37815835156537,8.27539252904528,0.636483046519697,1.29188812755766,6.34869732355564,15.2377633138223,0,0,0,0,0
DSCAM,16.855795116438,45.4123697860259,206.01396393631,61.5201930820491,157.766162524773,26.7267077620992,23.3713060431691,15.7090469091851,35.9462362980405,0.636483046519697,20.0242659771438,6.34869732355564,40.6340355035262,3.23779876350321,11.2968867183296,7.76109020460246,19.1160148119108,17.320018252386
PPM1F,72.4799190006835,34.0592773395194,48.2160341127533,24.0731190321062,15.0253488118831,73.4984463457728,118.364356412179,48.9598628669602,49.1351431412064,156.574829443846,72.345735143229,162.685368916113,445.281305726141,184.554529519683,107.948028641816,103.633380967339,49.9140386755449,257.801810141284
BCR,239.35229065342,174.303360502247,270.302009419981,149.788296199772,210.354883366364,247.222046799417,140.227836259015,247.679306268151,266.105591012112,302.329447096856,167.299512518717,142.845689780002,138.832954637048,145.700944357644,116.734496089406,89.0242699939694,70.8000548589289,117.909355025858
OSM,104.505929721916,137.572767292961,11.6887355424857,45.471447060645,67.6140696534741,30.0675462323616,234.843930078941,45.5562360366367,276.967043706484,294.69165053862,85.9105604825845,90.4689368606679,289.517502962624,191.030127046689,135.562640619955,156.134873527885,78.9420611677057,1097.15654083384
HMOX1,136.531940443148,248.432375888259,48.2160341127533,93.6176851248574,82.6394184653572,60.1350924647232,233.713060431691,69.9052587458736,226.021658449549,141.935719373892,98.8294417581611,247.59919561867,326.765368840857,414.43824172841,99.1615611942263,394.90253099889,134.16610395767,773.405430423851
LGALS2,564.669136400674,128.890990716221,249.846722220631,350.397621467323,353.095697079253,220.495339037318,251.43001823861,32.4653636123158,54.048657455327,1815.8861317207,379.815109501952,2019.67933605614,125.288276135872,3797.93794958926,415.474389307455,346.509850899604,491.352380720966,296.438773935068
FBLN1,5.05673853493141,5.34263173953246,7.30545971405353,8.02437301070206,0,3.3408384702624,9.42391372708432,5.49816641821478,5.68933236371863,1.27296609303939,0.645944063778831,0,3.38616962529385,0,2.51041927073991,0.456534717917792,0,0.666154548168692
XG,8.42789755821901,3.33914483720779,5.84436777124283,8.02437301070206,7.51267440594156,3.3408384702624,3.39260894175036,1.30908724243209,1.03442406613066,2.54593218607879,0.645944063778831,1.58717433088891,5.07925443794078,0,1.25520963536995,0.456534717917792,0,0
EGFL6,5.05673853493141,7.34611864185713,2.92218388562141,5.34958200713471,45.0760464356494,0,6.78521788350071,6.02180131518761,4.91351431412064,2.54593218607879,1.29188812755766,0,0,0,0,0,2.12400164576787,1.33230909633738
CYBB,168.55795116438,327.904023013805,157.797929823556,157.812669210474,390.659069108961,337.424685496502,872.654411128008,198.981260849678,155.163609919599,185.216566537232,185.385946304524,779.302596466455,905.800374766105,472.718619471468,341.417020820627,1538.97853410088,1280.06499184943,1388.93223293172
GATA1,21.9125336513694,11.3530924465065,4.38327582843212,16.0487460214041,15.0253488118831,100.225154107872,45.2347858900048,0.785452345459254,6.72375642984929,1.90944913955909,1.29188812755766,2.38076149633337,1.69308481264693,0,6.27604817684977,0.913069435835583,0.708000548589289,2.66461819267477
CXCR3,397.796764747937,193.670400558052,178.253217022906,64.1949840856165,232.892906584188,250.56288526968,191.11697038527,427.54789337832,909.000148112318,208.766439258461,62.6565741865466,6.34869732355564,121.902106510579,35.6157863985353,116.734496089406,52.9580272784638,12.3900096003126,107.250882255159
PAK3,23.5981131630132,67.4507257115973,73.0545971405353,64.1949840856165,67.6140696534741,10.0225154107872,23.3713060431691,63.6216399821996,58.9621717694476,40.0984319307409,41.3404200818452,3.17434866177782,33.8616962529385,32.3779876350321,16.3177252598094,10.0437637941914,14.1600109717858,9.99231822253038
GRIA3,26.9692721863009,20.0348690232467,2.92218388562141,37.4470740499429,105.177441683182,16.704192351312,30.5334804757532,10.9963328364296,14.7405429423619,12.0931778838742,11.626993148019,7.1422844890001,3.38616962529385,3.23779876350321,0,8.21762492252025,2.83200219435716,1.99846364450608
COX2,78237.8586124588,46289.8970492441,393578.719910748,288088.365039222,1330667.42880359,82151.2179837524,57033.9028328634,17342.5259702918,39199.2413800048,94106.5643601233,52013.3538476628,68126.2838047447,89381.3334292565,90052.8970093147,43937.3580764899,22742.7335077927,22258.1212465501,10990.8838902352
