s1_cell01	s2_cell02	s3_cell03	s4_cell01	s5_cell02	s6_cell03	s7_cell01	s8_cell02	s9_cell03	s10_cell01	s11_cell02	s12_cell03	s13_cell01	s14_cell02	s15_cell03	s16_cell01	s17_cell02	s18_cell03	s19_cell01	s20_cell02	s21_cell03	s22_cell01	s23_cell02	s24_cell03
-0.458022045849016	1.22332850678027	-0.170248434098407	-0.755262716543507	0.824825466539331	-0.499437149376076	-0.493926575125386	1.41036550596746	-0.313314752523566	-1.17824667735351	1.33685159126118	-0.369191696925777	-1.32119386116469	1.60737144966586	-0.239326650703438	-1.2311539098838	1.27879878806265	-0.134588078794217	-0.915114627212807	1.41197787744037	-0.453119525035644	-1.3983463452161	1.20072077030826	-0.363746910219442
1.1767032127699	-1.27773987072003	1.61192951755655	0.42681587773201	-0.965774171950911	0.884265392093073	-0.21319489236629	-1.89361957050743	0.720170267163517	-0.0521850177874224	-1.42315424817222	0.643116401594587	-0.33521044086113	-0.439004000712818	1.47744709182231	-0.502121759129922	-1.37023493484117	0.415306679778155	0.149766537800345	-0.871647220271692	1.21736928977207	0.275745149239858	-0.750987927954996	1.09623863795368
0.755008577257206	-0.638717935996663	0.248620124395792	1.77628244089411	-0.279512499315457	-0.66149022984462	0.740390072387055	-1.6247837879881	-0.222792137557106	1.47377824995482	-1.04411395168703	0.238478301735102	0.966729547413013	-1.71183168188261	0.145917907650085	0.892180685478175	-1.02010446720856	-0.284612657706052	1.06377353407645	-1.11397265948435	0.667530735017924	0.998317471116476	-1.45136147688589	0.0862858381802499
0.439243404149098	-0.212372225700431	-0.534491610978806	1.69009001671123	-1.31630228684109	-0.878431332083195	1.28650592207931	-0.814694925754719	-0.238769125282928	1.78922055267531	-0.784098112554362	-0.831322534602297	1.80191186501898	-1.15670433052855	-0.0853920362011195	1.07744000265623	-0.795838719301296	-0.505890793895416	1.37884423888456	-0.0919086294419769	-0.824544850120637	0.636921598685732	-0.69522910335149	-0.33418698422213
0.959810730749314	-0.823233449935483	1.42823449135329	-0.132322681335522	0.208467287688325	0.588109754852626	-0.104876377757834	-0.995400034725263	0.84757281789196	-0.73916681713591	-1.61237563081593	0.878783364519924	0.644458091477126	-1.4060589586705	1.22780532472156	-0.520118480843516	-0.9356317073382	1.45576253790184	-0.0294892669746603	-1.27786239776159	1.01571958060397	-0.214522902940349	-1.52252294314041	1.05885766761524
0.443513277835075	-1.64170206709096	0.666385600440191	0.341576567873164	-0.923560478012935	0.901013154791521	1.41060394814333	-0.718068187807082	0.935187704952303	0.322911795308551	-1.19526836361133	0.69073025259519	0.246572090619941	-1.48807050470686	1.16031046958192	0.210013733981491	-1.80635045495633	0.388456597093926	0.748549685521685	-1.21948586339387	0.899868925198835	0.193730158285513	-1.36920413748502	0.802286094841738
0.202376786285852	-1.14737587915889	-0.836835335040331	0.568617823154964	0.365471111606609	-1.23702627776992	1.00821385931824	-0.28789117792636	-0.44773755554956	0.992154305305122	-1.01562178807576	-0.473408005078804	2.51392001534433	-1.15494184082989	-0.552577987994298	1.76168735436289	-0.118547303732867	0.20252205888747	1.04498587440773	-0.522414839545607	-0.840092960419766	1.20185556942142	-0.4924370913871	-0.73489671558549
-0.965050343322507	1.09373202812816	-0.478582079840306	-0.670037526845903	2.1957517280673	-0.0939363613025013	-1.35541076411931	0.815254969305139	-0.793935770124152	-0.446893147259471	1.24298115340064	0.331837335165699	-1.4058911325861	0.572495481239087	0.0726249604690559	-0.31148090871104	1.77382089769285	0.320072156723348	-1.25970497554122	0.636534124535493	-0.554387674086269	-1.30364500231257	0.817554083091494	-0.233703231766926
-0.0891249337415846	-0.78076627956	0.347959357521937	0.630773279628792	-0.790202737856656	0.321410529743208	-0.306943111259361	-0.972469885747511	1.30311990811486	-1.23888991849855	-1.47021566982487	1.65795291028847	0.0960420139471564	-1.42729527788705	0.842074116046337	0.319276061079318	-0.698921751327094	0.893189917894799	0.431221679344692	-1.05903167161401	1.48918279206945	0.0365217364391802	-1.21210869462395	1.6772456298224
-0.526899528261731	-0.68652457833835	0.745206487111939	-0.0735579248457047	-1.44538354856888	1.33873218922996	0.6967603826088	-1.12102952827139	1.07984443081088	0.761101106117153	-1.01179231804166	1.07134789170443	-0.255844083590789	-1.2788037256426	1.35647899694203	0.297257199717381	-1.52977249726209	0.382235521866322	0.171453794216336	-0.907294825338746	0.572156826139398	0.324367153589834	-1.52087863366781	1.56083921177526
1.41117876162858	-1.18572040107494	1.2863438396094	-0.102221398066795	-0.419322609914152	0.296306743114972	-0.149348352032014	-0.881218191440621	0.489560503098481	-0.00559678870991244	-1.76788039324493	0.748486985666424	0.767883467845339	-1.73612161672165	0.756086280475445	0.616974373335325	-0.543033274330152	1.66861781826825	0.199958826686879	-1.4697123789711	0.78763198446426	-0.217300756526397	-1.34692391533743	0.795370492176735
0.920483397455962	-0.987290069404971	-0.086222819446555	0.901833161515454	-1.44292376577534	-0.547732648038011	1.48517405986663	-0.692319041134278	0.174690811857502	0.642090985855123	-0.786516338058015	-0.209015718139983	0.778784881107946	-1.10655447855951	0.0301766131014899	2.17976249602498	-0.814354233723468	0.126303487595919	0.978290503750254	-1.11214841789271	-0.349214616445735	1.59346334935191	-1.41366924199324	-0.263092358871348
-0.373639542323305	0.890311183400329	-0.245353175070702	-0.196707185813491	1.64466939484457	-0.665034899272511	-0.79877166123667	1.70356095555087	-0.85198801807253	-0.926069923442025	0.483462748900445	-0.821071194432203	-1.09101603638722	1.5306245146241	-0.702636905993307	-0.504942860468665	1.44705402125248	-0.443131636531839	-0.554589701903223	1.47390497800477	-0.949554692327687	-0.754427077635343	1.35727233072858	-0.651925616395413
0.160312066032114	1.76211930112659	-0.884918137528757	0.114745862380058	1.3732992591823	-1.12874780433199	0.00693431489315519	1.36449539844483	-0.857191118893106	-0.324711676902044	1.4618429954167	-1.33561062093834	-0.925718842817631	0.64239828312223	-0.969761807449578	-0.0778071487321568	1.66540232229619	-0.646522432428455	-0.16978234407021	0.481230428090606	-0.873140855576394	-0.392112644365726	0.918114107816464	-1.36486890476685
-1.32060573907034	0.900893722300109	-0.608866808166499	-0.596880250801416	0.67429726615769	-0.502227260730308	0.197983257304907	1.55500036201429	-0.37977845715914	-0.335755947057097	0.93236469140567	-1.32141173991094	-0.572617735333195	1.78597656030179	0.273982890842901	-1.12079485028064	0.367072311170153	-0.88594805756202	-0.446983699889256	1.8298701922546	-0.97009830161554	0.302588657232861	1.40592913899579	-1.16399020240438
-0.125910956672363	-0.945259196579267	0.910765956680314	-0.863855305108799	-1.13815410587242	1.09998611927016	-0.799132576758189	-0.470169994155078	1.64812886914251	-0.453313547419348	-0.797467867907048	1.37232225352061	-0.396118394052635	-1.041583783224	0.739461986743623	-1.0002929593094	-0.694609144902462	1.40373088506707	-0.495760039290453	-0.630711898084801	1.13606029738934	-0.0673853131400587	-0.466791530890796	2.0760602455535
0.299161021514239	-1.8316957442857	1.14183500424913	0.417132897155232	-1.6826503199027	0.19529584344544	1.1564930682751	-1.22878616906575	0.605524029042417	0.439221243117773	-1.08335704046896	-0.368757901908523	0.691403234884228	-0.917140410683644	1.14813572806777	0.734923075143857	-1.43176573489958	0.221116761728234	0.986460043254779	-1.05562493424209	0.205401615896293	1.29494337572939	-0.80729432215055	0.870025636103617
1.79424978548633	-0.517319220189068	1.52647069110342	0.431608932426015	-1.7558068507172	0.366371444111583	0.0817632675374699	-1.20568633093365	0.579556536159123	0.0618830729063887	-0.646866308078285	0.619390694419584	-0.160024963670287	-1.59947979144518	0.855372536308282	0.181075615994671	-0.669077714938731	0.949209806592779	0.0250734081692135	-1.45401929820316	0.761053766719137	0.542198727173916	-1.6480578286152	0.881060021682862
1.06542190185515	-0.777320910961141	-0.196902367837893	1.56617562727663	-1.47855096751315	-0.0842617037434215	0.981163732356474	-0.698542197244359	-0.392408642268953	1.88136591181703	-0.560048891192035	-0.115925796079345	0.832956185226427	-1.20769919335984	-1.01448860773129	0.436682876660881	-0.434191370708836	-0.140582600283865	1.45297825298397	-0.904339904063973	0.459334441690661	1.40475284405835	-1.39603962985572	-0.679528991081764
1.00635258332757	-0.943897428796689	0.34005515464923	0.482736909548664	-0.587335044160378	0.354484199778961	0.984286037089293	-1.29630002911361	-0.0686466989492022	0.740509747047982	-1.46709304500113	-0.696717561348096	1.29831041549827	-1.51743219604428	0.586461990702528	1.73503722925184	-0.996413044688549	-0.09211138972923	0.734400873657744	-0.790397991979789	-0.354854453628163	1.84050831418055	-1.18500323359875	-0.106941337694752
-0.780207971746025	1.98397490351238	-1.2155284699046	-0.277354702751847	0.959702575024183	-0.461617709999914	-0.217063819164113	1.43907513078668	-1.20096849550562	-0.874441872770845	0.957662341852784	-0.61338259993813	-1.02453935092475	1.1660589559326	-0.73929573593264	-0.267218371117041	1.65581374653774	-0.134018612300374	-0.444274496693495	1.19176238395648	-0.666261102607885	-0.741368745181484	1.07475735671394	-0.771265337778021
-0.0235455287067952	-0.358032189509183	1.55565655302157	-0.902790276761935	-1.318811697213	0.976910325885109	-0.252871550357939	-1.44042979182205	1.01362410300139	-0.661830632893511	-1.05888487814862	0.535588420531929	-0.0891908638897353	-1.06398381308702	1.44032748105571	0.216740529584555	-1.05618081666849	1.78950839176011	0.289365788105604	-0.675789263633162	0.905242656039403	0.265026298071843	-1.25051370981689	1.16486446545111
0.250338008950715	-0.645150999453556	1.58411546107679	-0.650729484574005	-0.274795380743852	-0.00370335348635948	0.369429600820776	-1.10167166433518	0.350098519630067	-0.800552933885254	-0.949657479046544	1.28873107169009	0.287431344271416	-1.18766810785711	0.884374939179857	0.737972264408503	-1.21447977209057	1.42175714919896	0.448019499927397	-1.94290674541305	0.630329868797998	0.930010644343002	-1.47011274218251	1.05882029077243
-0.367849832141003	1.33344083395499	0.169107090107055	-1.04167720046246	1.26067092559792	0.799948627115315	-0.898758903997437	0.570534259646994	0.0202060580197457	-1.63297768433718	1.11747695959875	0.152260284832392	-1.37759738447017	1.29873992849376	-0.514086254484905	-1.62218152135627	1.20678154334778	-0.0465189777675579	-0.928037892852315	0.905581098762776	0.0809681847878555	-1.479884668922	0.921734642684578	0.0721198838413912
0.2139602470772	-1.92442932304901	-0.744345317340131	1.04424632743858	-0.697128134814093	-0.394930078495793	1.73851428789795	-1.10130792487481	0.276664761228004	1.25922110833418	-1.07281295806532	0.00291244997245728	1.22721467136392	-0.93505066642161	-0.304118223939459	1.47067039061502	-0.806802351968778	0.0435368186713959	1.20397767865181	-0.925084117617015	0.1174241373289	1.26097822274338	-0.839799917063461	-0.113512087673307
-0.261930526003853	1.93030182541033	0.230684693549537	-1.93517661580632	0.360292457145617	-0.414713081961477	-1.02529639453756	1.2200293410866	0.0659043689626738	-1.44173249418982	0.750194370401373	0.0406544058926326	-0.906160330663946	1.11239643146819	0.340311807697826	-0.816716399066672	1.42675702320001	0.489430259980328	-1.66275715154706	0.654927356357605	-0.371301317546287	-0.839709514023544	0.85087180563494	0.202737678558866
0.457419030911948	-0.560530740099619	1.16804380623028	0.506731073401185	-0.810241860524317	1.69360008611682	-0.469395494267351	-1.31615857437076	0.593790653568201	-0.517114914721251	-0.870419207638721	0.769690252546342	-0.344262662174307	-1.36323196642718	1.23782982317295	-0.284574070571779	-0.606892504156334	1.8795893499321	-0.194858601792202	-1.23442108193039	1.14008299739715	-0.482663214062467	-1.36762696353886	0.97561478299855
0.360602653668247	-1.04279939393128	0.687825551117948	-0.168665376814541	-0.855314550452973	0.331803452920301	0.352875076522951	-1.00667757396974	1.76414380437038	-0.509073698375615	-1.39556438195324	1.2969328331847	-0.238779688500224	-1.1814411865217	1.49157128211029	-0.0731144784743257	-1.17076046722942	0.629250240341392	-0.00582181313960374	-1.20607598451794	0.986018051674316	0.404043063753155	-1.15901197828714	1.70803456250404
-0.114384462023155	1.03991312014499	-1.68190675374044	0.395962055287791	1.32651752827899	-1.4221298801567	0.484195255607752	1.1723849914089	-0.936836886271858	0.496318932023833	0.885647162185712	-1.16323781046479	0.219281764263961	0.893197798355432	-0.864737161396464	0.62220326404726	1.88708325536999	-0.758946044283767	-0.427687907497307	-0.0463586998804929	-1.76420591657042	-0.0801044256442872	0.564069199250745	-0.726238378295677
-0.421567687485677	1.87467617394264	0.409958064408237	-1.93047291929949	1.08018549828091	-0.510785190861958	-0.675596065761954	1.36462601301511	-0.517922196611548	-0.963847002268252	1.06036280752574	-0.247099467926533	-1.25140158507667	1.22008514747679	-0.531300901877128	0.119349244035809	1.80306895398417	0.246620450328859	-1.03473671667221	0.0466281934240735	-0.238683767927743	-0.973702312106538	0.555667990647402	-0.484112723194018
0.385052239672549	2.20447396703945	-0.0618530679084662	-1.05986608115959	1.90591968320407	-0.0454406448389578	-1.54846924835122	0.716245088593007	-0.469602605435977	-1.18202583017434	1.44301319274546	-0.330953645425911	-1.42695754683566	0.12031709398882	0.202238167083847	-0.330937969966949	0.982591490408155	0.530996863365393	-1.25701813141236	0.135334386169358	-0.336924623812316	-1.01708712461883	0.55050510007035	-0.109550752399883
0.0561987600209913	-1.24989275548472	0.158528827190768	1.38984186945929	-1.6602023919176	0.309785797088866	0.392074073336979	-0.975735861023152	0.42928872987019	0.826885388047848	-0.813305201781753	1.04791386768308	1.06544057860311	-1.38852174025701	1.01665482014233	0.549439387062987	-1.22296805387518	0.695824601113164	0.718587629066454	-1.32766860727138	0.568013552120631	0.521733028310948	-1.78401370894319	0.676097411436322
0.124763860056235	0.138651060419538	-1.01835104376236	0.973225526513449	-0.824634703175423	-0.743578642160278	0.352184224263278	0.12893354503858	-1.10013054558196	0.851135781742828	-0.250424153927525	-1.36199238454232	1.60518509796882	-0.0475016254860271	-1.56808067202088	1.62197710868986	0.540290692198877	-0.429489154785174	1.41283140672262	0.428219957650737	-0.756612914917737	1.44898479268857	0.130186974347861	-1.65577418794157
0.0928343758518042	-1.29673321164978	0.729460936206885	-0.143381011053853	-1.5168833282247	1.69235987625233	-0.448760548543231	-1.08176846153218	0.994924747434909	-0.575319307501947	-0.883322507997094	0.898447314618404	-0.112612655204049	-1.14124440037872	2.13558231947615	-0.231406070608907	-0.46902120756045	1.22817693101423	-0.424621526235924	-0.621678991216135	1.04300072182874	-0.0235730912187749	-0.919015909666654	1.07455500590896
-1.20996018742749	-0.54182199408039	0.765274731228675	0.513814594982466	-1.27897033312091	1.0106994436398	-0.450095460693749	-1.00611996189256	0.434317702485348	-0.449474172645908	-0.905855696867101	0.762841039528144	0.108769200399656	-1.26259854652074	1.39209696400077	0.593169398541888	-1.12959665919261	2.00618869043301	0.059007487586496	-0.651963135484897	1.51217267030804	-0.501021905177357	-1.01203469172977	1.24116082169917
-0.221899044766899	1.39233885267175	0.303060714726924	-1.3938226584454	0.691795560241365	-0.828465870884142	-1.30264944922698	1.20503347708835	-0.608682338531118	-0.484896904158594	1.326369010434	-0.852639915738925	-0.559609966022763	1.85577272552726	-0.0669508139207889	-1.04596551980861	0.952377317585374	-0.139469460212616	-1.05252885933055	1.19490732706768	-0.785809372227073	-0.744031700936258	1.42058760590648	-0.254820717038465
0.577868787580265	-0.82962216469323	0.602644834504589	0.337282988317613	-0.816411910634994	0.481671576130026	-0.0349143748810333	-1.0823365277593	0.811882156022971	-0.125312153575505	-1.79111096739243	1.33198780803886	0.642011875338188	-1.7318372082075	1.03880920376215	0.686917613455527	-0.839096999924598	1.07609564402235	0.430334034152893	-1.63030052999609	0.924459388302607	0.353284107903373	-1.4399772710443	1.02567009057756
0.0734250411967164	-1.03612833158445	1.44957624884379	-0.335082545697098	-1.74704966631117	0.498060419177553	-0.266902500874061	-1.12520327775016	0.521970294057121	0.456472200681687	-1.34937264612758	0.544622771554653	1.12533621883218	-1.33502112220357	1.10791086245384	0.752608566842534	-0.836428899682655	1.63721441888152	0.21993859786904	-0.926249695843564	0.920042542634352	0.392818774250843	-1.38770978978781	0.645151518586285
-0.58376897074852	1.92934842947197	-0.739798048898236	-0.00484055845173211	0.784657761429201	-0.458988989960247	0.159660169391394	1.23004251026935	-0.984059288250927	-1.07899151685013	1.23122394820971	-1.17659702358929	-0.362749053025439	1.30648803992294	-1.18908285487786	-0.169512553764302	1.56786195453532	-0.685279657127876	-0.308212229401827	1.00259804995149	-0.946440354303119	-0.605856614936098	1.14033347104439	-1.05803662004017
-0.810641929147289	1.00312095127899	-0.624324616103765	-1.37493796480424	1.02332749480171	-0.367560546411907	-1.18870184569336	1.88086597621853	0.225368255501233	-0.816783220608318	1.08099665324159	-0.239295452989331	-1.05104955138323	1.5264717246338	-0.241494556899675	-0.9869957278039	1.56806605723527	-0.275975144895178	-0.715873618161542	0.940289474474732	-0.215725928726583	-1.08580611462613	1.1069798918137	-0.360320260945103
-0.213735764188262	1.54758737864761	0.063371643100858	-0.760238703034017	1.09902921550933	-0.330477795386958	-1.03908382195862	1.34867133977563	-0.660089330776499	-0.575738087216068	0.708825829461255	-0.402771175615329	-0.754425963152878	1.25646145751235	0.177605990665735	-0.245806371156265	1.9059381254671	-0.274721554640797	-1.64850206736269	0.798059487987137	-1.0485683766518	-1.6268459139424	1.06339205087822	-0.387937593922627
-0.93217811136257	-0.337503276791316	1.04558151670043	-0.907892971421121	-0.93970816337224	0.704069815350703	-0.210776736634529	-1.20985872983663	1.20102005318861	-0.815640175158486	0.0568671550286944	0.809086249009405	-0.119932512485418	-0.988401563770587	1.56759663127477	-0.0701193503982294	-0.99102968506785	2.13541461096978	-0.616366211196214	-1.02245614371861	1.21148267953859	0.350111221101426	-1.06252634950114	1.14316004855254
-0.296027364229097	1.47395760040409	-1.26028194239463	0.240036658656359	1.09067383631991	-0.740318544197448	-0.68143490067383	1.33654478756183	-0.876885758046583	-0.548824265102011	1.20252651686624	-0.999725190443858	-0.782418570981406	1.10708183901784	-0.102910687159292	-0.244412863767461	1.77019004974901	-0.730456538028746	-0.168224498210267	0.887119585711881	-1.37754443135159	-0.466420460850613	1.32284486078123	-1.15508971963156
1.61548126143325	-1.13202044619072	0.268796518990505	0.926587411496052	-0.902946083985949	-0.638426675439645	0.899260329904726	-1.94386642176922	-0.455445585247367	1.32321980656788	-0.266613714198139	0.603642590454369	1.45876729754558	-1.35464905730092	0.00521095089502364	1.55762432214486	-0.712008082876764	-0.145121051930707	0.885742596336596	-0.964234705267094	0.0834238012097557	-0.230282484971374	-1.10937560528431	0.227233027483614
-0.222549667820576	1.40540866747135	-0.629337938951599	0.00885168814142502	0.826262920230113	-0.78262011281238	-0.205172905264517	1.4826777800467	-0.879975471368104	-0.372458548403005	0.92573613502858	-1.28787798646933	-0.642467211337839	1.17369004121831	-1.25870720415365	0.458175107271884	1.66718787096896	-0.191394914483351	-0.447500741529518	1.47454585124477	-1.01490486676708	-1.33547068964916	0.927561843689541	-1.07965964630152
1.02707037515346	-0.206953516607757	1.57961223039738	-0.0142288856914192	-1.46266705791737	0.282370285906291	0.190347960372602	-1.15714906046173	0.662298992395552	0.331535342273035	-1.45522807253254	0.796185446580036	-0.69675591436891	-1.15846840162668	1.17631228990208	0.737193638078466	-0.54709310966241	1.38738790051416	-0.0635666867837828	-1.22591287026993	0.770441428594859	-0.660556398123991	-1.55215861784767	1.25998270172628
-0.647017126284681	0.784851690153896	0.633627191588933	-1.34485016213219	0.945558838033669	0.113068603517844	-1.42262437358758	1.49635412521641	0.234032147037203	-1.45264747776455	1.261281257922	-0.0500939925488478	-0.967738639104734	1.05738606522871	0.584983654339195	-0.688888986436533	0.656659214952858	-0.0117053535912703	-1.37825716160513	0.683903679161644	-0.0703435769770638	-1.96403823678632	0.995665426501409	0.550833193165145
0.438425706727684	-0.230342792040673	-0.777145395241607	1.45559070623254	1.08881335239124	-0.511066251850139	1.16105452481175	0.111480638898806	-0.434885779554251	1.80539551448195	-0.351753225875571	-1.20723829831349	1.51417345571674	-0.656829917560394	-1.5030535152061	0.903549592681113	0.33119058005266	-0.56736762321017	-0.111057211942382	-0.70651401611022	-1.09042552937995	1.16358106237735	-0.124436826437004	-1.70113875164988
0.54831859028777	-1.33289435293078	0.911993466891562	1.74047094765324	-0.396024053523834	-0.220732130026372	0.913260557935063	-0.978343115541301	0.226597496150823	1.22717019599635	-1.68394396567961	0.139097663160871	0.948233878456761	-1.40952640364024	-0.27876582329558	0.996582517666089	-0.510937862929844	0.798036763741521	0.241773262776105	-1.28711998686464	0.3590170019826	0.797899332027421	-1.82000966976418	0.0698456894701965
-0.985957655396156	0.0164577168881744	-0.317176394864979	0.0407351985309148	1.74236548314948	0.478098826305785	-0.553282532402013	0.53064228376834	0.187427891714137	-1.05099579568897	1.12229473348895	-0.00272214338210509	-1.15884286625077	1.12225231355377	0.341583038579381	-1.29630855326772	1.29845347746874	-0.967859069538469	-1.21223335552497	1.64509884216805	-0.422852973266842	-1.6186103411923	1.2770021161328	-0.215570240973238
-0.525476357716994	1.67360592807779	-0.112779615372168	-0.872520918932165	0.815595312627995	-0.877214687557086	-0.823649197656861	1.41716651261298	-0.85907080420829	-0.0345757121413209	1.05171361137575	-0.300147044296831	-0.111047117236975	1.65733499523521	-0.708699535661556	-0.998313134082188	1.67701379461243	-0.00831930236331438	-1.18888674989376	1.09711783910559	-0.684177051914366	-1.22096194820148	0.817746469776836	-0.881455286189218
1.22819424732086	-0.703567653497529	0.220890225052068	0.998786657643333	-0.819365565351916	-1.03091643347222	1.74043433696631	-0.913546793977493	-0.270249940276153	1.38609863056231	-1.28989129111541	-0.667388609212897	1.27218945334245	-0.924230398479906	-0.126495658605322	1.55764151198915	-0.53085686014963	-0.198278510823918	1.43940507833014	-0.457607739435447	-0.914311933623527	0.678275230689663	-0.96466464650702	-0.710543337367866
0.969137642897965	-0.820967074180651	1.21445142956059	-0.294175074433231	-0.961530543654435	1.12543452400305	0.793890120314966	-1.20602915570619	0.708483506176862	-0.464801567672403	-2.13804502982268	0.367495053097198	0.325435194479875	-1.09954287771473	1.3977046602779	0.212827321227649	-0.444491832747744	1.32128481395706	0.0826979769867703	-1.21682751472356	0.425295324501165	0.229562504455172	-1.49000529041418	0.962715889133587
-0.175891485300905	-1.33838103030626	1.08318556721519	-0.770887018901281	-0.775498921890485	0.706455128830485	-0.396846526506878	-1.03832966185633	1.30174547206715	-0.447079623080482	-0.584394864220699	1.52074599229986	-0.0681197422729417	-0.797861683919638	1.52306172410871	-0.619530042332102	-1.42224004018184	1.06601043342282	-0.499427288787293	-0.377144992744393	1.56084410544917	-0.337734489296062	-0.715220346045236	1.60253933424945
-0.60156150536983	1.51490851101881	0.187649308589872	-1.7236021253958	0.934017672748394	-0.642152976633487	-1.0954263955252	1.23073596685479	-0.305999324645008	-1.21408801567248	0.648288638379738	-0.534482540986036	-0.633122306704911	1.29310752305902	0.356344226777374	-1.15295790415152	0.975170698939201	-0.336582223634956	-0.81119290021772	1.65329164700793	-0.811186822103918	-0.654070849964886	1.36602649281885	0.356885204811766
-0.271443527950684	-0.0885765756509774	-1.67195952380683	0.664295718659502	0.287595757162553	-1.39258418743956	1.06097507435978	1.02817126105137	-0.335255141457248	1.07593579049247	0.783751752217874	-1.31675342837083	0.823729414642645	1.03013800172055	-0.977107509744028	0.318410863872487	0.0840929154264908	-1.66952902811862	0.895539495451446	0.903352430871575	-1.04561397188039	0.614154591553061	0.794949123041904	-1.59626929610454
0.412541188259214	-1.13986779099464	0.621975707493558	0.555767049613097	-0.591339713217018	0.0154093019365046	0.600887134973247	-1.10848240749318	0.249730891670611	0.644220839204337	-1.77645216266035	-0.0666571921113126	1.3376180102132	-2.10855047287885	0.259179596198812	1.70327426332441	-1.05256755097728	0.44156068787793	1.08107971346938	-0.891224945175315	0.216797612148212	1.00346626182223	-1.11267330104511	0.704307278348291
-0.195094545389495	-1.25875242046358	0.207245936265344	1.0676241019468	-1.02599683336463	0.238297012616083	-0.0990749627373845	-1.41681275799999	0.564871947954735	0.610553600252719	-1.21383302735852	0.6119507320715	1.31854800331421	-1.78800799636242	0.785056441245194	1.08732979980777	-1.2396972164453	0.948723405642358	1.10825723001336	-0.69871976195633	0.703775933492657	0.634296515171675	-1.54565417654173	0.595113038824963
-0.0901163443967901	-0.994281179090622	0.753086986072285	0.305145524719634	-0.799914528809825	1.19492018352971	0.0975593959375227	-0.556392227654946	0.836123089512332	-0.0693937350174868	-1.36345316672374	1.14704410582781	0.848297176638247	-1.57529100853905	0.806311159699719	-0.515885000456514	-0.662353752044451	1.87684181172689	-0.122705100077114	-1.25585203409646	1.28294952247742	-0.371237569086094	-1.67516059771694	0.903757287568443
0.0880357872307778	1.3800500180983	-1.07521288746135	-0.654955775837651	0.856377161442974	0.0867701495763922	-1.32625621513273	1.10184288890314	-0.790971163228821	-1.14614371370725	1.20890850454199	-0.920315337548379	-0.0830587331667721	1.20652501749833	-0.335135127826925	-0.234343733896485	1.31290874391151	-1.24147637223126	-0.141680413188961	1.64764146109235	-1.06620672539629	-0.858604093556609	1.37355543481461	-0.388254874930894
-0.237278441643591	-0.162224572103989	1.25297981114268	-1.25408259146349	1.0396727939331	1.12182545871109	-1.47749063047126	-0.530315333452406	1.08357138849065	-1.22614742799079	-0.458500109638461	1.15934457189643	-0.664392586961867	-0.660864430895431	1.37643079026378	-0.731479384373131	-0.331282042914674	1.04060446381427	-1.282527493648	-0.0356134584547074	1.18265177585119	-1.03744992385163	-0.524759270183794	1.35732664394404
0.175385989773887	0.312794549121203	-1.37951040998751	-0.545529243630077	1.35341230223567	-0.695172751893737	0.336927421953696	0.202391220751311	-0.87785944815736	0.818335126287336	0.376242891566096	-1.13766867329296	0.2954886521841	1.30244234496046	-1.76882516464075	0.880970989362315	0.554160279728529	-1.09886423824853	0.756324026922144	0.882234552673064	-1.11476818923242	1.02113044496229	1.13698795083903	-1.78703062423779
1.19239031369571	-0.674647853546013	0.282266739906939	0.611857031717983	-0.641806936318017	-0.122339829818502	1.1028989497086	-0.960567571224114	-1.0473337686838	1.69690434209917	-0.365045972720425	-0.119894049391478	0.564429251198614	-1.49274249703177	0.215001442062603	1.93665355913804	-0.359613261481555	-0.770692515063946	1.71634744825794	-1.23764872246853	-0.177822484197302	0.626598980887203	-1.16002377524582	-0.815168821481552
-0.887297420924036	1.66097007151054	-0.0215773610055347	-1.4089215313448	0.0689517151594647	0.0382407324505083	-1.06005765224211	0.925495072391924	0.0720463590677194	-1.17683433871244	1.11475640464812	0.611295542709346	-1.05773665903439	0.726911655318006	0.0384789240068867	-1.04483756240641	1.19023194944265	0.811804841327261	-1.07348432091792	0.869813566190867	0.356531300819974	-2.12842448388946	0.960346948028189	0.413296247405662
-0.737115788058842	1.6690374816713	-0.690461280681731	-0.0147360166804292	0.975191062268852	-0.652251288719156	-0.760550153625697	1.57584714216039	-1.01607967356244	-0.747384391829715	0.964043467267286	-1.25326526957845	-0.369316805758746	1.32122384627476	-0.648899282906762	-0.0378866926174895	1.44684535882277	-0.799161773800622	-0.748379978118093	1.31046107775109	-1.13671498190598	-0.387611035634327	1.27323737522363	-0.536072397961617
0.404350551897029	-1.55261309867909	0.181873859053723	0.392181625470063	-1.23495757854229	0.853419412875306	0.961342310560057	-1.10702434665024	0.917973041198823	0.480114846152729	-1.30869763612487	0.822133866269951	0.769466980555501	-1.5831560209275	0.942027768880257	0.46081616165866	-1.730172884086	0.493368336607826	0.720392512140652	-0.842183533287489	0.679934545507671	0.670742563264359	-1.36227427314927	0.970940989354133
-0.328757553181203	-0.728781462014038	0.823044345695855	0.622850530804649	-0.686246515616398	0.614364823150542	-0.299801872043968	-0.990547977224143	0.622221875499526	0.179230256048569	-1.31655714558292	1.28875912984666	0.522623670797692	-1.6156723133272	0.752038047686947	0.266457341699819	-0.617718980335377	1.91067266386341	-0.221280741942745	-1.61029326990197	1.22200893812602	-0.0602537770993958	-1.55449459355038	1.20613457860004
-0.428474091381877	1.22211478911444	-0.0477571427238711	-0.475394167714712	0.906829001956213	-0.66065807571877	-0.757458407628752	1.64793238091339	-0.675725076957917	0.0223001111918587	1.49075358007278	0.144641296483466	-0.625783699353645	1.5983069112943	0.106986722638988	-1.50461741787806	0.726873962001706	-1.39613283385866	-1.118955662577	1.02911492326765	-0.966777969080407	-0.803350242838559	1.30633608731058	-0.741104978533147
-0.333949347926244	0.698124536156223	-1.01354422273036	0.302566800425738	0.975655231420196	-0.585371171836934	-1.12769984877388	1.80097229343029	-0.839983034752994	-0.528912588190678	1.46116151030791	-0.285523333403603	-0.485853083865954	1.75221378061816	-0.975894881881217	-0.315800195154742	0.912164467970037	-0.861290209976195	-0.846575915965289	1.17376950503277	-0.739871767373965	-1.05113970732943	1.49980594165369	-0.585024757853555
-0.100351301680493	-1.16771274155561	0.191755835366145	1.01701595489904	-0.691392651781987	0.168540458768264	0.801233963269072	-1.2056982863418	0.586990666934109	0.698159265976111	-1.44448485401277	0.559416339044448	1.52022500380274	-1.8104466133217	0.730106674415366	1.0948293445942	-1.15685214634504	0.462351327909551	0.894708164113049	-1.34054310234287	0.527444767911358	0.692684686104014	-1.50524687816241	0.477266122437213
0.454748228097119	-0.375160726156278	0.468939068766347	1.95288398795087	-0.907907161418214	0.032920157453251	0.580653692732559	-1.07854006720826	-0.41167692299615	1.55935496591112	-1.17273532482591	-1.02104992621994	1.07042231708916	-1.2966274355348	-0.282958438824823	1.52220366011692	-0.427803570317505	0.0488345537626019	1.63405616506549	-0.861127108129455	-0.179182579036365	0.478016451497998	-1.4387643919666	-0.349499595809154
0.424982014650439	1.50239287726811	-0.338343223190698	0.152183572355772	0.67448802084328	-0.635122783060373	0.285906601954744	1.61311155475156	-1.07752206673564	-1.03889880972793	1.51921338373366	-1.11332764892537	-0.470522286637648	1.45358345352037	-1.10222012350884	-0.657314106665506	1.17716923286278	-0.575790577543794	-0.369995260062697	0.859471589063059	-1.44152213310524	-0.634538796273753	0.900868413014742	-1.10825289858102
0.985274106745951	-1.50155242994132	1.29723485992706	0.271634537853602	-1.32068719368094	0.57061267558894	0.529458184361401	-1.67022390018285	0.641346541609222	-0.0631277534140361	-1.53770165233985	0.738895472958121	0.524828260357376	-1.01872528171212	0.975570786310592	0.692941067773273	-0.681538891882871	0.60693895249916	0.357396677681296	-1.42644732805302	0.69624158038566	0.627812757719221	-1.34998778849679	1.05380575793293
-0.47241853897811	1.8157637581321	-0.247436491602168	-1.33726655375617	0.70322807956455	-0.0836317085947593	-0.842805170364463	1.08399208274771	-0.337876806088032	-0.918078983963768	1.09859803472472	-0.027392593760549	-1.07858425662053	1.31550162076544	0.0967576859945591	-1.0104526623411	1.44668568658326	-0.432288496456929	-1.29777420327137	1.01803665593634	-0.486195847461425	-1.39800806110051	1.4011343515782	-0.00948758166699259
0.397435899456113	-1.14196703614885	0.644440090004837	0.660592321226824	-1.42110630026529	0.913305068419645	0.064119952339661	-1.64855018426496	0.878937589228488	0.693727265506512	-1.12702190189713	1.04212057053307	-0.0808979041788072	-1.31343474435592	0.810248120156173	0.655156103008325	-0.815663347557789	0.91420235723967	0.115563455666103	-1.19757307736267	1.01189741951937	0.907564560139263	-1.7898690555182	0.826772779105574
-0.943900044101312	1.10221410138213	-0.360545339452139	-1.17206812350022	1.06153834269308	0.135590782880114	-1.16440980310612	1.25692252914104	-0.200039345918426	-1.20736663698325	1.17095750842118	-0.113869744128687	-1.09594104405611	1.42405910776625	-0.126737808691473	-0.764345729711641	0.947868349031134	-0.345819518781999	-0.834151930484003	1.56573424746648	-0.0940255969398881	-1.53667873288641	1.42986877864764	-0.13485434868738
-1.79124026170444	0.862273973162525	-0.48817574793218	-0.179426426228559	1.85034981934077	0.191992066953469	-0.927908232287155	0.958663258026612	-0.253796998956927	-0.566706987599637	1.70168556268526	-0.790049487713329	-1.14326781562098	1.37157085414082	-0.422261236353291	-0.101960089866652	0.530913601163331	-0.936019803519221	-1.28066082165417	1.23123409425698	-0.552443370919992	-0.292112257209663	1.22851679457579	-0.201170486739343
-0.464725606048283	1.75165394907816	0.610839599217777	-1.12966550804511	0.81349480280149	-0.394926878400381	-1.22523360732944	1.27004899683435	-0.180332466448102	-1.38285554014501	0.681917497884858	-0.177371551783643	-1.16002681987982	0.994248564756112	-0.243187050754967	-0.492841709906978	1.65692648575487	0.504882428662928	-1.37116358352061	1.14534067309161	-0.118251303328974	-1.48771270758165	0.727648548101207	-0.328707213010367
1.33536971617609	-1.12557376306413	0.560622520528335	1.26911145116314	-0.591803556955974	-1.1030215184953	1.51048090617104	-0.787773316421481	-0.311386517542545	1.59996950726583	-0.911395260489283	-0.65775959002848	1.22489429766967	-1.07628634198972	-0.358970042970996	1.85930631265378	-0.676289604790941	-0.0667442105531069	0.700930005541479	-0.735338198507752	-0.262056809719237	0.383985085881419	-1.10975277088091	-0.670518300640916
-1.12661996221487	1.00839623977703	0.414936596597881	-1.78830804058125	1.09063515189072	0.91611660421457	-1.53730863331104	0.711577501459376	0.475213782755369	-1.17828079808002	0.638382127825268	0.340801638279455	-1.64579690414238	0.396368245278449	-0.151026458477747	-0.875032722707507	0.891472276107561	1.33982195998652	-1.1790623703198	0.425838125710181	0.592379966802961	-1.10906641753852	0.646807776910645	0.701754313777152
-0.820086009933456	0.672996389945815	-0.407873498822099	-1.57228607521532	2.18565307123313	0.400879738774035	-0.253563295071026	0.711875170785293	-0.335349702816802	-1.08554712080367	0.747658095480139	-0.380336643452349	-1.42569955497349	1.31710068531882	-0.28950742512871	-1.1311972782374	0.754612039231099	-0.396907155392675	-0.829383342966708	1.34920882108046	-0.424971676476073	-0.655150204343111	1.64541945684199	0.222455514942077
0.00509945223571128	-1.20410070132425	0.815775714140317	0.173169306747576	-1.46158936624553	0.207080745719798	0.604048150043722	-1.02947105185259	0.829134973217881	0.0199924674292883	-1.43050899790668	1.35957737233205	0.346632310623364	-1.43863137676517	0.600850624905609	0.627867320091322	-0.768601059734903	1.24237308317494	0.338100407670429	-1.68043203535059	1.22338079404826	0.616712993023373	-1.17587631954744	1.17941519332352
0.53379838144804	-1.33150380013183	0.959384492127827	0.292000016523192	-1.50635439947085	0.764485965818929	0.569072761271284	-0.984426988018758	0.732059522178493	0.947200480018775	-1.73833606286135	0.141294241982988	0.919719809573981	-1.56366331868057	0.645576353289679	0.843001541205983	-0.928177495897884	0.974979413076605	0.820539354883641	-1.06955222282103	0.552910732491049	0.56857523108294	-1.56771189367113	0.425127884579985
-0.574211718827534	1.03804835961747	0.26017998001298	-2.24192899730326	0.121206472572656	-0.216264064866936	-1.61881385373369	0.852564220971443	0.159629565343549	-0.972210050230651	1.72436247856823	0.526248130122149	-0.994433526467128	0.932823073008408	0.638512456993787	-1.1998444369007	0.422971078869469	0.376651047252023	-1.06373651523557	1.27331087298823	0.0750751330829937	-0.949629546809683	0.997334389874172	0.432155451097571
1.48633928684196	-1.7516634900482	0.332075034211612	0.469558913240193	-1.12485745131275	-0.199280910313113	1.07998018924451	-1.32940729005883	0.292850547235068	0.570223868123799	-1.3079581163232	0.442956994421845	0.624725697654004	-0.820356077243187	0.177765714749369	1.99549967809725	-0.60001379849295	0.478636014812007	0.926881705995264	-1.46257640440995	-0.0081460153732064	0.69806407453778	-1.26405346961127	0.292755304021985
-0.537870291247145	-0.884350521945512	1.04940410232111	-1.91320301397119	0.896879106463115	0.651997516879907	-1.04462044796266	-0.218271069344455	1.3992565360205	-0.939634076512885	-0.476229494608728	1.18662229364507	-1.02705628686717	-0.404459584928085	1.16502565786105	-0.563525822759338	-0.837752955997315	1.30050535088616	-0.438480241702905	-0.267305029715855	1.27788537072321	-0.574851749469495	-0.422072040445276	1.62210669267791
1.8739219836437	-1.48194247204264	0.328530482160883	0.588316996676345	-0.397577242450827	-0.136789866159166	1.01258108495295	-1.23339610034005	0.586721440404328	1.46218503108755	-1.20002468167462	-0.450435954771044	1.01285000108081	-1.1212911317342	-0.0940975594238126	1.68287395845526	-0.758109078674363	-0.442538483090799	0.57017461627109	-1.38094151621733	-0.187408586965597	0.866688717235428	-1.03559966654971	-0.0646919718741736
1.38022888897578	-1.293592778975	0.876153937529802	0.686533859486254	-1.19768552011266	0.158034490759941	0.0306010821531704	-1.26389921628294	0.365512686884987	0.0168720683505996	-1.06326476546817	0.786664723405598	1.17153004235617	-1.77809989940561	0.437001977879547	1.14300119301292	-0.622627635371739	1.06699523272768	0.48971169116795	-1.45642382598698	0.389784765011377	0.088953564465223	-1.44659054904039	1.03460398647649
-0.170934705669663	-0.264062226184142	1.27479351016592	0.252077861718593	-1.06071683000935	0.593941781626105	-0.638265211569809	-1.21731361405596	0.680271153959338	-0.804317631224342	-1.22345963285252	1.8514204523441	-0.198000272503791	-1.03171376206659	0.589395596333221	0.72769012795318	-0.513236089361014	1.27244755520126	-0.263656385243687	-1.12098003937705	1.50266656490768	-0.494983184866625	-1.30082542535072	1.55776040612584
0.544084162860966	-1.24430952260051	-0.693296676189764	1.45046067827726	-0.200853389308922	-0.779393939530301	0.915056464524197	-0.674147660854968	-0.0789712665496356	0.772019170280299	-1.40144524980055	-0.16805682480385	1.51362800082631	-1.27086784293782	-0.972662922043785	1.37670998738232	-0.585473533942248	-0.0244357208027888	1.41585113486753	-0.417047307224836	0.308080127257396	1.83153301084004	-0.884422314859257	-0.732038565667085
-1.32117252854166	0.993833244477288	0.626768634298787	-0.647102404959054	0.298293921481539	0.418955596567981	-0.787200140823837	1.0837084488695	0.132860061212937	-0.970019609133783	0.99996667980825	0.172952966428286	-2.08988809149057	1.34326319106524	-0.306195767968845	-1.24146903783487	1.49212001751922	-0.110426542259731	-0.963611365490818	0.77218411249856	-0.00698038954370139	-1.50400842964686	1.17706022378786	0.436107209678287
-0.182738727846718	1.60898153066391	-0.020632159566068	-1.16098826453188	-0.037186061833082	0.0815873694241529	-0.9630741123408	1.37140695902715	-0.0471487759418068	-1.25615734201914	0.844202578818322	-0.561829150918021	-0.822848841318642	1.99957168908072	0.153431857978027	-0.784649141951563	1.34917257830982	-0.106663381393622	-1.22302468878809	1.08059383553847	-0.580124228489318	-1.49966936954457	1.0579740109463	-0.300188163303544
0.0976091251760741	0.0725449272539998	-1.26025791814829	-0.383397206751295	-0.151001243882292	-1.343280471059	-0.0340568158495205	1.25104365492156	-1.04611735604768	0.550930235467174	0.764173565115187	-1.35599125151501	0.802423114812186	2.05264419728068	-1.05659425541524	0.518734424389246	1.51486431561807	0.0340401745652946	0.298151880758246	0.747967619413514	-1.05560177538439	-0.885095563973909	1.14603706240249	-1.27977043914711
0.6703450607436	-0.58501979025783	0.824387611766344	0.953067785482109	-1.75574095235544	0.689661139795646	1.33730136989148	-1.3991864834241	0.132373957725746	0.913784221838195	-1.52904112740204	0.0272460780057662	0.14609528480545	-1.64260843735923	0.184846172146732	1.00989532646094	-1.34880883794643	0.328377660912253	0.677902894935738	-0.56456597014216	0.0786693557644213	1.66267851089368	-0.928225616959378	0.116564784678473
0.489201862320017	-1.5309763538356	0.978127093285404	0.198307548622477	-1.49386436011575	0.786851800339651	0.57905805910469	-1.10962516505417	0.821263610430914	0.0383992321987188	-1.25337847074113	1.15033704374546	0.378896103949626	-1.36612916779611	0.679123453439514	0.445267787108142	-1.05772499770214	1.19772290213342	0.252866373691037	-1.49660845940185	0.965736437979714	0.639394321131311	-1.26919735586217	0.976950701028838
-0.574487377957981	2.19740364195478	-0.303071246413999	-1.53028527354788	0.98509684494076	0.140619929229969	0.63136399213912	0.965781077976203	-1.01882215799702	0.212798238756431	1.22534249638106	-0.981006653511774	-0.490762488309518	1.2585037852277	-1.11758477180908	-0.159883728737803	1.31347262235863	-0.920591346533788	-0.314917406809789	0.589942142170193	-1.18323482820498	-0.406682245660204	0.667820621686315	-1.18681586732734
2.33618108835427	0.629205521467428	-1.07848346439507	1.37876246528741	-0.509649917738813	-0.831001693953975	0.546499758654581	0.0878343984341609	-0.511175021511693	0.845386649998122	-0.188688796223523	-1.0962042801399	0.845690429021649	-0.109883315863021	-1.01120633247777	1.37109797228955	0.137992434561133	-0.811697875979561	1.04204096943903	-0.562012984905784	-1.61279655212485	0.726612637569786	-0.335590197915345	-1.28891389184781
0.193497656593164	1.06158733656904	-0.255944725848889	-0.495571008091919	1.61842276309104	-0.082647001452858	-0.822171770415275	1.10510102776151	-0.464286499280362	-1.21920647388577	0.687192431944266	-1.06067296501093	-0.429971876094537	1.27103911979614	-0.265267017853493	-1.38438799675283	1.0660967987255	-0.932315402576628	-1.00270949355589	1.90613960162236	-1.19550222987268	-0.287779778133661	1.2910861337046	-0.301728630981896
-1.81365862387664	0.0694418325209771	2.2820142083057	-1.5331950382985	-0.916569642602457	0.514846673680419	-0.818716449158897	-0.285085580001347	0.604638974060849	-0.330782848872883	-0.286497597637503	1.0773417751867	-0.203254807719306	-0.608447496936232	1.13786652786199	-0.787234257131348	-0.189807107100271	1.75811660467327	-0.437811712743073	-0.703919703809996	0.784012400001752	-0.370915380909409	-0.219971292306776	1.277588542813
-0.743583743206696	1.6640759689367	-1.21321799316057	-0.890400202989229	1.05848593033794	-0.225417045699495	-0.73073359287867	0.845222224556522	-0.347857411111525	-0.571946192305649	1.38017839279893	0.0229450507976253	-0.933105087946578	0.86053273912758	0.0369950861090248	-1.1105227335172	1.38431473387631	0.114316479840158	-1.74839546617513	1.5133836727587	-0.923316155495918	-0.387164252641343	1.20354167332091	-0.25833207533238
0.412926665006011	1.62690209487689	-0.837068080058203	-0.983923145535193	1.23266216037344	-1.04875259289914	0.356156690483703	1.15308299032545	-1.03679837481032	-0.00761432603477974	1.1925581196925	-0.607769673511635	0.00751040792859704	1.12693360439809	-0.951320341220234	-0.993244978328413	1.4226602208978	-0.877257561381008	-0.268828699360193	0.939335399536494	-0.962487391262034	-0.256843867170335	0.996907057586636	-1.63572637953412
-0.487167735697977	1.83599108916688	0.0317756000306634	-1.5687381573263	1.20832430334158	-0.717615772257538	-0.528033056861833	1.32315306092012	-0.877227833711135	-0.807398421652201	0.964301293566697	-0.594975649343704	-0.985177596570175	1.31082523682684	-0.590984752323294	-0.57929253940626	1.83972805131487	-0.407077366578873	-0.276592449212124	0.905253369582543	-0.879193537018124	-0.474927590589012	0.995584400588273	-0.640533946789903
-0.915357053961829	1.52296333217054	-0.126865561889302	-1.81036235199631	0.535395650568789	-0.140415248495056	-0.289555999215454	1.06575572093934	0.144559982896465	-1.35975709804963	0.915444796246664	-0.0322644417371682	-1.56072073835481	1.7099355312534	0.106333980930727	-1.26619227864735	0.930307704513834	-0.0870263504486045	-0.574651994113541	1.21769747846831	-0.272873947342522	-1.01870709729318	1.23986082572157	0.0664951578351405
0.418774033479226	1.02978153681165	-1.25854480147646	0.666048483529063	0.461249041909715	-0.829736223713445	0.741970622190271	0.706746599319171	-1.18627343802243	-0.450790402826234	0.502017404666405	-1.22497565304499	-0.486703105151092	0.978798728776366	-1.73433467529694	1.21014770847974	1.14591083389569	-0.780755070991886	1.20549282726321	0.337969810640339	-1.1034095879955	0.895378049822971	0.489148150331079	-1.73391087259593
-1.28602009154887	1.44317070083997	0.0516147359471307	-1.37914227494859	1.05733377675451	0.0949153080527836	-0.39303283242454	1.08313586480777	-0.173770102681705	-0.946601696107055	1.09200242444655	-0.178399959632185	-0.948967765312628	1.54489325310368	-0.12735917831483	-0.982270010871822	1.02134847151951	-0.188348247424691	-1.39396605291625	1.06131295997262	-0.143394062717089	-1.78308421067391	0.895213563575647	0.579415426554015
-0.197269039114621	-0.0123855929275569	-0.936071034035456	1.073248019671	1.2167984928549	-0.384878886834622	1.85361376640024	-0.0460319506748664	-0.547686018484827	1.96912946114672	-1.06279172812564	-0.783746286407368	1.59301610455607	-1.02809674933566	-1.06480015003388	1.12963393901195	1.99701773101357e-05	-0.535524815814738	0.563803598251528	-0.458300380860723	-1.6225063650004	0.178899447960006	-0.278983282213706	-0.619090520165644
-0.537733252834929	2.01525593744613	0.11837701145933	-0.978842910208834	0.733509778597883	-0.914373642815751	-1.45955292482267	0.996699372095509	-0.850268405434621	-0.755253539383654	1.55542110016298	-0.157904349146526	-1.09257584662043	1.2199431625504	-0.617908556509214	-0.15969748891203	1.23455983415953	-0.31490729250269	-0.872705017811422	1.03982796616651	-0.341628101626046	-0.992949690531964	1.32211703036777	-0.189410173845252
-0.283833561858844	1.33131034723074	0.0492766884671263	-2.29057872595535	1.29913957961771	0.47539664729001	-1.03929137316792	0.844300352606741	0.017952912583666	-1.15581184700083	0.862888346227168	-0.536453922155314	-0.986429117347184	1.33845849107798	0.388711820789912	-0.66624413867191	0.856827105358305	-0.160889415780385	-1.20353663436383	1.053319694441	-0.737148365105875	-0.846982709447631	1.37258307493787	0.017034750226837
-0.918160327028245	0.439520011335385	0.121391218108828	-1.04339408291628	0.912939020524895	0.489400273889138	-1.75396771118185	0.821471885264365	0.659923922039471	-1.31419038810369	0.703710627500363	0.397866169638132	-1.74579596837467	1.05961830658779	1.03523272801738	-1.09828137927578	0.1103733036902	0.0832911227534777	-1.14173497062372	1.27034570450576	0.129415713489399	-1.28300195717868	1.17723719773631	0.886789579602011
0.0331313107339661	1.06697909893592	-0.653041293587293	-0.237409020285208	0.871448866690551	-1.24804028121244	-0.724435007376894	1.4512358475424	-1.10408234773883	-0.00753012858196805	0.997442860137397	-1.33724250405045	-0.0228513173980967	1.65586093914093	-0.824621649938933	-0.046511576005397	1.72393778641451	-1.01694675920305	-0.391092527999243	1.16925333802068	-1.02798418003373	-0.562110066720203	1.13624930925462	-0.901640696739229
-0.299793648286666	-1.76709962055443	0.432522027724264	0.882049612928051	-0.932622726387995	0.103096092486458	0.435372283359559	-1.38624966726469	0.891050506404218	0.690485360622193	-0.919007036595806	1.03172285646158	0.892331552233264	-1.66779975289066	0.893810887335037	0.783218122434963	-1.45634893856539	0.64135693640709	0.76832855752096	-0.962548687359435	1.08710513935019	0.531003166541554	-1.31634230375538	0.644359279851077
-1.33409090302762	1.54797304116986	-0.572981674188604	-0.998075773770888	0.886634751892922	-0.929507112040778	-0.63153555999871	1.48224151153952	-0.275003213374039	-1.17499294807526	2.25475741085965	0.397389062253584	-0.284800817231258	0.861993106588342	-0.169689491566196	-0.967238700275569	0.896878623322933	0.121304638190244	-1.06504199272183	0.962251659499	-0.12879701348961	-1.07279405411773	0.688799844407109	-0.495674395845072
0.876180820134963	-1.19827924934111	-0.0138159753654114	0.692415615287829	0.0477937268097856	-0.858408838796098	0.295156128466973	-0.678336194371725	-0.153420055124919	1.09999068866793	-1.52608461837056	0.0386003681864502	2.22167420953476	-1.80322256516827	-0.266999296203186	1.68094485852806	-0.307292621257985	0.765571987850824	0.820739588886233	-1.08940777870462	0.134621558297172	0.726672749274616	-1.03746781445307	-0.467627292768622
-0.509113794228255	2.22751319072385	0.376792023044219	-1.1770731400546	1.41834146992833	-0.00812617899102117	-1.08393198301387	1.19861751589563	-0.675984451074083	-1.542217760258	0.725017944369225	-0.181002951534344	-0.738245110560762	0.627434643986623	-0.25437624712655	-1.05744370050937	1.65503399336644	0.566807799817985	-1.35164370658014	0.462648250604874	-0.58103022485725	-0.563538297859251	0.584801857862153	-0.119281142951821
-0.320435854110123	1.33459823979189	-0.0259051939487464	-1.43753394885235	0.931028938472915	0.12344838562104	-1.08932202971196	0.964420227664589	0.0457799534634711	-1.25711000109554	1.27060445150567	-0.522003506101687	-1.69179593818315	1.25249817514363	0.384592612348474	-1.14670481124911	0.80616098536568	-0.163480079296539	-1.05159505686664	1.0855945627872	-0.303601237410011	-1.18461231415416	1.34400329183101	0.651370146984429
-0.135829451535719	1.22687291853949	0.0446478469901194	-1.05412404654993	1.01894974920797	0.260317881414259	-1.23626424143206	1.71505728282573	-0.311200240900028	-1.47802231836142	0.768652101851946	-0.721790956363815	-0.803568213025331	1.72922218953169	0.100847703944201	-0.894981700757361	1.08317969331143	-0.38289347918281	-1.20627600036271	0.885483621817674	-0.918789360393764	-0.895044718392069	1.31553293360729	-0.109979195784772
-1.05211800701209	1.71283406226853	0.0339123223667229	-1.37110888173534	0.873330161249607	0.256976665495025	-0.962262196971028	1.80996149509212	0.0304025663830799	-0.929530368642253	0.559086533290173	-0.766134788881305	-0.743116661902008	1.78282421982003	0.135518043038469	-1.26551658070386	1.29229546528684	-0.657326875449958	-0.832361134727676	0.282944471801967	-0.691136170015436	-0.615307273351351	1.09579655681393	0.0200363764858136
0.420600225072008	-1.35529458758781	1.06819533918644	-0.0832636628616435	0.280216305101518	0.739782195540885	-1.01954507740092	-1.2302021347883	0.671946441702397	0.491704851400596	-1.01845096926188	1.10361729589266	1.45339200778834	-1.68424699521986	0.845958938006282	0.263260922562544	-1.32546191937683	1.01654142145348	0.254151724874469	-1.40463256320147	0.990195300897566	-0.113275701371393	-1.20468812598306	0.839498767573998
0.70336979957047	-1.63289946724704	0.375719010918021	0.795124018691306	-1.16974021795277	0.173872035992979	0.266359936976303	-1.32560564783498	0.477245531173327	0.698588525299602	-1.31052310353224	0.406487351612313	1.3993857827882	-1.46068814899598	0.487118520165189	0.91745177588643	-1.55757531273731	0.341648945223667	1.35608954106962	-0.383545903660773	0.554674530918691	0.708935559978083	-1.50457169266675	0.683078628363629
-0.442428359662729	-0.874383112845847	0.9512362752191	-0.0993436268013196	-1.06610107394675	1.15035584192014	-0.0266531655361268	-1.47970329999556	1.14762303643694	-1.05372506152115	-0.728824725365501	1.24442795412163	-0.0632991111865436	-0.785103587937822	1.52291313277429	-0.17487635336468	-0.914661691320137	1.18535709866765	-0.591188543087824	-1.02614787901742	0.952952050962512	0.0589285332898802	-0.826197704514254	1.93884337271152
1.28738286929504	-1.23852674356528	-0.0874415724827137	1.90190779543055	-1.23377981911952	-1.0371560298394	0.375747532619382	-0.905400376589718	-0.0483549813415634	1.18619606906098	-0.501797483456721	-0.597457193998441	1.8979061728028	-0.853396331981971	-0.546376671887443	0.838895558256322	-0.775307467331521	-0.340605845546529	1.60151014003183	-0.779735801596161	-0.0967411920664971	0.807650278084372	-0.850043820438998	-0.00507508433878818
0.14325649454011	0.647005898203143	-0.839228725104222	-1.26956283668006	1.36541263061346	-0.0121457058523161	-1.48138700653828	0.77817376173635	-0.346270874955702	-0.564562869471324	1.61040573180169	-0.719383491367709	-0.670912204252198	1.66493272694446	-0.328104827715132	-0.99099763467665	0.960434482892374	-0.671254516156201	-0.78947952973597	1.48300335993967	-0.611286818360336	-0.15972621636601	1.58462034010376	-0.782942169542903
-1.15923513147138	1.68053475988379	0.207721689659841	-1.45123337332323	0.688804381112145	-0.125971825901912	-0.562139123693411	0.922835463755581	-0.238752993345247	-0.645907036222518	1.63551692341839	-0.183709870497683	-1.40193713543773	1.26668693831135	-0.400878369410838	-0.924814182921911	1.06448550089488	-0.214418586940473	-0.651155387828575	1.29213699693346	-0.659987859047787	-1.48421773802216	1.14156720415578	0.204068755939633
-0.600889058486405	1.54075245567061	-0.0607641467087223	-0.845677157142363	1.2149799675825	-0.14377169856436	-0.44548057542609	1.2102161037666	-0.453329295299959	-0.808574698709411	1.3446095816896	-0.525063301798012	-1.26402801466416	1.49397806496109	-1.17714722779458	-1.21355818321197	1.58194937552484	-0.713545214653548	-0.849635603632889	0.828764556341681	-0.792718212584996	0.280631288417485	1.07898184022064	-0.680680845497576
-0.0411647223612128	-1.99556093552151	1.2089712587712	1.52101330691214	-1.21469244874467	0.198962351214321	0.152970091344533	-1.03495863457032	0.456108254966232	0.689461480846552	-0.88525281241162	1.08329982196849	-0.0456529121646309	-1.42894878209569	0.455124003712199	0.38606078397093	-0.946814918674296	0.91325912491914	-0.0634795765507689	-1.29897513304077	0.883156079087427	0.90451135070308	-1.0812504198563	1.18385338757553
-0.0216225534398392	1.47766837375834	-1.6956922621315	-0.0355112742852891	1.50369226119302	-0.916734406613867	0.719422532694699	1.15782543423027	-0.40068821285956	0.350435214815118	0.897332505063879	-1.69572972203633	-0.21045006708631	1.01898518169301	-0.811058560932596	-0.663828772202088	1.18409314359348	-0.874382972864042	-0.779184456149523	0.71909853457367	-1.10209126288083	0.468610010981264	0.871628459447683	-1.16181712856269
-1.35919640237425	0.1996240799808	-0.749290124593349	-0.0746193605100283	1.45676840573213	-0.0907648704044316	0.071279646321773	1.61979746694739	-0.479780781894219	-0.951816885453324	0.942598390353503	-0.250135790690172	-1.00188725704347	1.67146656149141	0.109599905294408	-1.49983818056212	0.699652395737589	-0.518400698799734	-1.4077689404743	1.28593726127106	-0.747116281610276	-0.00577477483453406	1.56585168966951	-0.486185453555381
-1.21983132392856	1.75942090947003	-0.0150058379960443	-0.762706739480107	0.877010486344941	0.212099899262509	-1.00937667309672	0.903707362031263	-0.424099462125552	-1.88619986390131	0.99437019892653	-0.630358772504547	-0.634400586324381	1.46214498995997	0.190181456234738	-1.13967987237877	1.58183802397242	0.246007398881354	-1.37206635409306	0.873925117390558	-0.368139099030194	-0.107223836058831	0.8341821947098	-0.365799616266036
-0.745704896755113	0.973558569304315	1.18860756941468	-1.69213427560521	0.323470106192745	-0.0755063673431991	-1.24709391935313	0.945717108978058	0.374502857768325	-1.75902258583916	0.807420638240125	0.567295963335222	-1.44419418084254	0.490969733804734	0.774773421297992	-0.0112344465001605	0.684140102720722	0.641070651869484	-1.56182363188182	0.340716255623333	0.804294680862176	-1.57901200501064	0.259642798585916	0.939545851133132
0.681736562952717	-1.11223289438497	0.774434896705631	0.492709253521094	-1.69831819458061	0.60157786598012	0.735013187181107	-1.38436902369467	0.64431573729278	0.605707288666284	-1.699718000158	0.610298318244443	0.78827936611633	-1.18815921399661	0.951563163815864	0.663286834456458	-1.38128639477071	0.579797524231616	0.644206845239293	-1.01909933175654	0.381931034306273	0.903196804236339	-1.40684262441291	0.831970994808652
-0.582211950330597	1.1729661596852	0.17090941131093	-1.471220916711	1.2777728434602	0.0719202606797593	-0.97899809630772	1.22082891043262	-0.92228759356971	-1.62024820831059	1.04525104912797	-0.445967731386909	-0.58515847306471	1.50930161195106	-0.245398697164712	-0.944308522580731	0.925382786212587	-0.0825691188567256	-1.32942997693076	1.32320379172257	-0.826632677692692	-0.0483084090493894	1.2597484936518	0.105455053721556
2.34653137207621	-0.808289656654251	1.14038391943564	1.28018182076612	-1.00585368499767	-0.197788752309187	0.340681933072763	-1.44288299305429	-0.0678909134568778	0.0294492591143687	-1.46746055026089	0.369385503808133	0.741931255276616	-1.24915245381857	0.196355289350509	0.805303183006516	-0.909356246190369	0.980618566218079	0.720639761042156	-1.06421309525586	0.469043151330923	0.322481213014853	-1.32361707475533	-0.206480806759584
0.627692303005259	1.03580293708969	-0.764624264447922	-0.447689792738261	1.47049928184537	-1.12708512811165	-0.943211803813363	0.876858107450351	-0.50612036027604	0.0181640031941625	1.25994680263199	-1.15239333327569	-0.205841013153074	1.40333078815043	-0.365808881489571	-0.253260229825079	0.806511903770127	-1.25759774094808	-0.000653709752720528	1.47985089262732	-1.35484810246122	-0.0583629189798031	1.12006253541892	-1.66122227591113
-1.03945750361123	0.559925699350256	-0.479448232392978	-1.42977753676014	1.98837198609645	0.158179638003936	-0.894321084482985	0.952033909424383	-0.408224677687839	-0.86157964453472	1.40397554777971	0.0250338942799519	-1.45860731958556	1.09869485822528	-0.0143539843786319	-1.04467156946945	0.74569371004952	-0.825101636834789	-0.962462001126093	1.47993640242855	0.20116034061293	-0.340160095151441	1.33901192974142	-0.193852629976535
0.527016594297461	-0.763870084379567	-0.749162514381502	1.13348723385174	-1.04029760836748	0.0733182374392828	1.709135238621	-1.00207010088179	-0.111883683834122	1.18894758457557	-0.493038769218934	-0.748706915028026	0.45172267488711	-0.727942657766786	-0.357050328955403	1.49612321961047	-0.700031695580342	-0.954938417318833	1.6261504272898	-0.116338175443013	-0.568548172165672	1.96415687709675	-1.02639759165562	-0.809781372692082
-1.12566140403884	-1.65341679568232	-0.119725313898654	0.771070379664011	-0.0498619166102321	0.469751545045643	0.208590677665258	-1.18200647747415	1.03750534643657	-0.358913275749556	-1.19416045489699	1.47652205927847	1.06065458285028	-1.6803708765637	0.863151957919861	0.410271091224033	-1.46686783086446	0.53023020451426	0.636827113999192	-0.688133771742805	1.10718157695551	0.585979354567485	-0.84561517088711	1.20699739828824
-0.595465042649548	1.63213616522108	1.11355020695513	-0.38664648669322	1.57996843106979	0.396210232733308	-1.48914751215386	0.789111882255765	-0.322951775165599	-1.2842172282976	0.574241469042907	-0.30415836154002	-1.77298807476845	0.975901935216345	-0.0694211256212614	-1.07579069980625	1.32782203592789	0.484258311613345	-1.13654536419605	0.507586413844387	-0.604982256796459	-1.0847660924767	0.758201507029706	-0.0119085707446383
-0.10102871817733	1.50384503077254	0.789659675961988	-1.03268818626952	-0.0960450170540757	-0.539530471744402	-1.31763632739961	0.962704799723214	-0.115366748204517	-1.24868866261362	0.78465387270609	0.327244523648161	-1.78151554308151	1.05969368713004	0.0958358540480591	-0.757158512770028	2.05025878315733	0.500565789096097	-1.40005382281308	0.420858705517342	-0.0780571251654918	-1.24499994566254	0.685596952829904	0.53185140636494
0.700834977867208	-0.899917460235498	0.542487799272187	0.0381230878147688	-1.32257472351637	0.211557366530131	0.267285563122866	-1.13163435035592	0.812536627320233	0.604117005244472	-1.50674526698219	0.893721416034899	1.39829533337196	-1.73197182068555	0.88681789634512	0.758610177217661	-1.16664419551918	0.818037647529578	0.648258827247703	-1.18822419320185	0.785636273413394	0.00991633009760385	-1.49384226044245	1.06531794250925
0.74928477823469	-1.36057309046082	0.420697809675297	0.513913492565908	-0.254703747283372	-0.352494139742228	0.314488708267818	-1.26752001277234	0.463878725322448	0.97880498433848	-1.51891347684304	0.907719005054536	0.947571466934223	-1.39227794797186	-0.118905203867544	1.27068290683931	-0.865779608751098	0.71130740616922	0.880805116946795	-1.48906044297424	0.97541736115604	0.611508284702038	-1.84247320244017	0.716620826899926
-0.965030716810836	1.37078644375344	-1.16453849583306	-0.517756631985311	1.28115313709225	-0.0655656633709847	-0.222805571665403	1.51799885329635	-1.05739444739905	-0.596541877171921	1.26153178865862	-0.905119782598596	-0.415691154257034	1.45028603865159	-1.10355442195307	-0.370486207485518	1.38086435580136	-0.763952494317338	-0.190461308257861	1.12297057085011	-0.92540483724507	-0.437042183215103	1.19830367107838	-0.88254906561594
0.364770850721239	2.32474507111805	-0.0169767384834913	-1.28309399448642	0.871435472062761	-1.06451399166127	-0.766236669840064	1.02380354276294	-0.885141212748673	-0.489275489625617	1.29031391274359	-0.576905925919815	-0.789118939069624	0.841188961618472	-1.6037520078225	-0.412141342653681	1.6212724479767	-0.190545889992145	-0.680918232702753	0.969356351014737	-0.310703665656485	-0.365870585762817	0.730657810619315	-0.602349734212454
-0.32391762330778	-1.61988251151295	-1.21337583827575	1.2746735335771	-0.754950429873387	0.61317186935039	1.64275720488048	-0.826450034545614	0.36075174776173	1.39132125475729	-0.85926947005079	0.73089717388134	1.12295090886761	-0.959446238416733	-0.270946449676281	1.10507775293087	-1.11077682106511	-0.131997668767378	0.883166588109917	-1.27685405489132	0.0582290179790442	1.1792872426926	-0.987588404376414	-0.026828750028846
0.569158572742504	-0.911925505359667	-0.357015109209076	1.09853092271682	-1.20564539015813	0.631681782388605	2.24280937453918	-0.940061466649658	0.385562162696446	1.36985180188701	-1.18223522593304	-0.180345918248908	1.2543469461894	-1.02983114775831	-0.631641247959348	1.08988136084047	-0.868825325025065	-0.287352217527807	0.876143628802958	-0.932998212553744	-0.460537145541246	1.03058910387188	-1.00460294244886	-0.555538802302418
1.4561604441462	-0.0578982912603095	0.578701216067142	0.596419611178885	-1.61710803163761	0.636236652002379	0.497174930791569	-0.622225688207121	-0.587003224974693	0.739797487649874	-1.59588783162814	-0.734361679122073	1.44203984459149	-1.21014527991473	-0.281084582955199	1.3334949206121	-0.321457419827856	0.734414128248935	1.71735565428794	-1.304893980255	-0.311804230449045	0.482701306454193	-1.16863457871937	-0.401991377079583
1.33675336522839	-0.753334507073752	-0.202949950719922	1.65832051705735	-1.51699168872812	0.328893161197695	1.09593189204809	-0.463536129708537	-0.184451779079907	-0.0339643989093566	-1.90085809121711	-0.781662390738707	0.810721053059484	-0.771216749389623	-0.577700880268778	1.53772500629332	-0.352126067476865	0.292149820615362	2.02999839579298	-0.666692939922645	-0.119144233240375	0.469597610158181	-0.770315731409276	-0.465145283567877
1.02295496663308	-0.899745551680438	-0.431079397512519	0.569265309558811	-1.7233332463942	-0.221995592640443	0.988621380578692	-0.237237917640213	-0.0256763725277695	0.140627139533053	-1.4834841759505	-0.645773357154325	1.14036946673152	-0.459242876641007	-0.333084688091102	1.56047154684285	-0.708144325622519	0.144336391727219	2.01053483143936	-0.953669946943076	-0.21856534105331	1.92167099503628	-0.558090322430394	-0.599728915799061
1.01095766476597	-0.78575118497668	-0.0042469329418677	0.774402616358464	-1.63539249802847	0.344594745750347	0.619792062048828	-0.627391918213037	-0.435088718691818	0.616427541602043	-1.57982791132037	-0.491096961577257	1.42259129143629	-0.543337318164404	-0.557102885018308	1.34854685826821	-0.322936017372057	0.784596741346275	1.5135230548221	-1.20441117938877	-0.393759913126683	1.78036843363718	-1.21284054192008	-0.4226170292959
-0.763332691194313	1.55164495241677	0.378496799400172	-0.741824015597001	0.528108550688207	0.113927740837936	-1.32706663387077	1.31582012029317	-0.314782420462346	-1.25584214414716	1.16950979438183	-0.255160165720275	-1.24105032175824	1.57387870484932	-0.280318591325217	-1.24760743563248	1.5754094008513	0.33376259090221	-1.16284232708989	0.558014316782255	0.022261686763343	-1.31533397701072	0.879617827247962	-0.0952917616060493
1.00243492921058	-1.03186121111096	0.533935722336036	1.40413663191668	-0.239166225831375	0.370474427997514	-0.490025022764053	-1.25541673179762	0.161180379061866	1.08083778685202	-1.41766158079151	0.570283830453178	1.6362556158619	-1.74187228423566	0.432374353717637	0.228079775055193	-1.45425890142086	0.771912282413625	0.0606725511495857	-0.866264874391992	0.938174572554186	0.551055262907706	-1.56057602229593	0.31529473315229
0.498368380141356	0.709932894663642	-0.890637603682417	1.15417408039526	-0.0842290483646226	-2.17913228755241	-0.187888764970423	0.388794766700911	-1.06440941387071	1.01257578104976	0.00478696144550619	-1.00609650141872	1.37978122584187	0.182832875592554	-1.11083510838971	1.38340859477579	0.950251730082192	-0.327071963334292	0.390242787964267	0.426980910628868	-0.81594472332328	1.04864668248338	0.0866413090735526	-1.95117356593232
1.01137688345605	-1.01264602253353	1.65872380973286	0.520553466745598	-0.703676014359698	0.774864847284367	-0.529173047822778	-1.15191728501829	1.05288299616531	-0.301377489091157	-1.28114289991475	0.706950380436348	0.1358430913795	-1.82492446750671	0.958933424006351	-0.223278956243519	-0.374543494061872	1.27833587801229	0.144297889470884	-1.17809461790096	1.18934640694681	-0.562498733590983	-1.28728453280813	0.998448487215991
-1.16447768557253	1.36782535014528	0.408449731164663	-0.321584429137269	0.785237251333239	-0.680498383960514	-1.3273747488278	1.11450151361196	-0.624623724271871	-1.18311062886004	1.39663578493896	0.2078021669149	-0.744212682189585	1.53579294993772	-0.0298044115896036	-0.817987982117585	1.12040530302023	-0.0798447884623197	-1.67573332227911	1.203897946069	-0.358937139595882	-0.83351629768171	1.20625677607168	-0.505098548661792
-0.232759352114752	-1.82949367742263	0.292719703172446	1.5111604209867	-0.842515391604594	0.780234304708491	0.255617444634593	-1.24768047395415	0.852167739030392	0.11539938114642	-0.870182385447501	1.20115847989996	0.675382860502972	-1.38979552475431	0.136970716617713	0.0815665122821778	-1.53643975779035	0.366846771390549	1.10739076152077	-0.770425175584773	1.33530191246443	0.40209806804707	-1.33721623229575	0.942492894564129
-1.34640742834385	1.77633786231053	-0.0421416643979642	-0.949265486139387	0.560813809046624	-0.216413451943	-0.101918107896975	1.07631206347935	-0.202559376994828	-1.30527217589954	1.77446794713358	-0.647586812113639	-0.400497853511622	1.23565763339734	0.192747138949021	-1.04587326736007	1.07779450425779	-0.849222621841632	-0.531835142018171	1.11256189039532	-0.748172634005501	-1.42541170317399	1.19817651631778	-0.192291639647162
